#lifespan, pdf, cdf (from 500), lifespan, cdf (from0)
500 0.000546068 0.000546068 0 0
499 0 0.000546068 1 0.380163
498 0 0.000546068 2 0.576152
497 0 0.000546068 3 0.687086
496 0 0.000546068 4 0.756123
495 0 0.000546068 5 0.803713
494 0 0.000546068 6 0.837255
493 0 0.000546068 7 0.862474
492 0 0.000546068 8 0.88238
491 0 0.000546068 9 0.897174
490 0 0.000546068 10 0.909253
489 0 0.000546068 11 0.918901
488 0 0.000546068 12 0.926777
487 0 0.000546068 13 0.933347
486 0 0.000546068 14 0.939188
485 1.65475e-05 0.000562616 15 0.943755
484 0 0.000562616 16 0.947346
483 0 0.000562616 17 0.950903
482 0 0.000562616 18 0.954478
481 0 0.000562616 19 0.957837
480 0 0.000562616 20 0.961047
479 0 0.000562616 21 0.963678
478 0 0.000562616 22 0.965747
477 0 0.000562616 23 0.967981
476 0 0.000562616 24 0.969884
475 1.65475e-05 0.000579163 25 0.97129
474 0 0.000579163 26 0.973094
473 0 0.000579163 27 0.974269
472 0 0.000579163 28 0.975427
471 0 0.000579163 29 0.976585
470 1.65475e-05 0.000595711 30 0.97771
469 0 0.000595711 31 0.978637
468 0 0.000595711 32 0.979531
467 0 0.000595711 33 0.980242
466 0 0.000595711 34 0.980904
465 0 0.000595711 35 0.981384
464 0 0.000595711 36 0.981914
463 0 0.000595711 37 0.982245
462 0 0.000595711 38 0.983022
461 0 0.000595711 39 0.983767
460 0 0.000595711 40 0.984263
459 0 0.000595711 41 0.984727
458 0 0.000595711 42 0.98519
457 0 0.000595711 43 0.985703
456 0 0.000595711 44 0.985968
455 0 0.000595711 45 0.986183
454 0 0.000595711 46 0.986481
453 0 0.000595711 47 0.986861
452 0 0.000595711 48 0.987143
451 0 0.000595711 49 0.987474
450 0 0.000595711 50 0.987804
449 0 0.000595711 51 0.988119
448 0 0.000595711 52 0.988499
447 0 0.000595711 53 0.988715
446 0 0.000595711 54 0.988946
445 0 0.000595711 55 0.989211
444 1.65475e-05 0.000612258 56 0.989559
443 0 0.000612258 57 0.98979
442 0 0.000612258 58 0.990071
441 0 0.000612258 59 0.99032
440 0 0.000612258 60 0.990502
439 0 0.000612258 61 0.990915
438 0 0.000612258 62 0.991197
437 0 0.000612258 63 0.991379
436 0 0.000612258 64 0.991544
435 1.65475e-05 0.000628806 65 0.991726
434 0 0.000628806 66 0.991991
433 1.65475e-05 0.000645353 67 0.99209
432 0 0.000645353 68 0.992355
431 0 0.000645353 69 0.992521
430 0 0.000645353 70 0.992686
429 0 0.000645353 71 0.992769
428 0 0.000645353 72 0.993017
427 0 0.000645353 73 0.993116
426 0 0.000645353 74 0.993315
425 0 0.000645353 75 0.993414
424 0 0.000645353 76 0.99353
423 0 0.000645353 77 0.993662
422 0 0.000645353 78 0.993877
421 0 0.000645353 79 0.99401
420 0 0.000645353 80 0.994076
419 0 0.000645353 81 0.994159
418 0 0.000645353 82 0.994275
417 0 0.000645353 83 0.994423
416 0 0.000645353 84 0.994572
415 0 0.000645353 85 0.994655
414 0 0.000645353 86 0.994738
413 0 0.000645353 87 0.994821
412 0 0.000645353 88 0.994837
411 0 0.000645353 89 0.99497
410 0 0.000645353 90 0.995019
409 0 0.000645353 91 0.995102
408 1.65475e-05 0.000661901 92 0.995185
407 0 0.000661901 93 0.995234
406 0 0.000661901 94 0.995284
405 0 0.000661901 95 0.995317
404 0 0.000661901 96 0.9954
403 0 0.000661901 97 0.995516
402 0 0.000661901 98 0.995565
401 0 0.000661901 99 0.995648
400 0 0.000661901 100 0.995698
399 0 0.000661901 101 0.995797
398 0 0.000661901 102 0.995913
397 0 0.000661901 103 0.995979
396 0 0.000661901 104 0.996029
395 0 0.000661901 105 0.996062
394 0 0.000661901 106 0.996111
393 0 0.000661901 107 0.996128
392 1.65475e-05 0.000678449 108 0.996178
391 0 0.000678449 109 0.996277
390 1.65475e-05 0.000694996 110 0.996326
389 0 0.000694996 111 0.996343
388 0 0.000694996 112 0.996376
387 0 0.000694996 113 0.996426
386 0 0.000694996 114 0.996475
385 1.65475e-05 0.000711544 115 0.996492
384 0 0.000711544 116 0.996558
383 1.65475e-05 0.000728091 117 0.996624
382 0 0.000728091 118 0.996707
381 0 0.000728091 119 0.996707
380 1.65475e-05 0.000744639 120 0.996757
379 1.65475e-05 0.000761186 121 0.996773
378 0 0.000761186 122 0.996806
377 0 0.000761186 123 0.996922
376 0 0.000761186 124 0.996939
375 0 0.000761186 125 0.996939
374 1.65475e-05 0.000777734 126 0.996939
373 0 0.000777734 127 0.996955
372 0 0.000777734 128 0.997021
371 0 0.000777734 129 0.997071
370 0 0.000777734 130 0.997104
369 0 0.000777734 131 0.997121
368 0 0.000777734 132 0.997154
367 1.65475e-05 0.000794281 133 0.99727
366 0 0.000794281 134 0.997336
365 0 0.000794281 135 0.997336
364 3.3095e-05 0.000827376 136 0.997352
363 0 0.000827376 137 0.997385
362 0 0.000827376 138 0.997402
361 1.65475e-05 0.000843924 139 0.997435
360 1.65475e-05 0.000860471 140 0.997468
359 0 0.000860471 141 0.997468
358 0 0.000860471 142 0.997485
357 0 0.000860471 143 0.997518
356 0 0.000860471 144 0.997518
355 0 0.000860471 145 0.997551
354 0 0.000860471 146 0.997584
353 0 0.000860471 147 0.997601
352 0 0.000860471 148 0.997617
351 0 0.000860471 149 0.997634
350 0 0.000860471 150 0.997667
349 1.65475e-05 0.000877019 151 0.997766
348 3.3095e-05 0.000910114 152 0.997783
347 0 0.000910114 153 0.997799
346 0 0.000910114 154 0.997832
345 0 0.000910114 155 0.997849
344 0 0.000910114 156 0.997849
343 0 0.000910114 157 0.997948
342 0 0.000910114 158 0.997948
341 0 0.000910114 159 0.997965
340 0 0.000910114 160 0.997981
339 0 0.000910114 161 0.997998
338 0 0.000910114 162 0.997998
337 0 0.000910114 163 0.998014
336 0 0.000910114 164 0.998047
335 0 0.000910114 165 0.998047
334 0 0.000910114 166 0.998097
333 1.65475e-05 0.000926661 167 0.99813
332 0 0.000926661 168 0.99813
331 0 0.000926661 169 0.998147
330 0 0.000926661 170 0.998147
329 0 0.000926661 171 0.998147
328 0 0.000926661 172 0.998147
327 0 0.000926661 173 0.998163
326 1.65475e-05 0.000943209 174 0.99818
325 1.65475e-05 0.000959756 175 0.998196
324 1.65475e-05 0.000976304 176 0.998196
323 0 0.000976304 177 0.998213
322 0 0.000976304 178 0.998246
321 0 0.000976304 179 0.998246
320 1.65475e-05 0.000992851 180 0.998246
319 1.65475e-05 0.0010094 181 0.998246
318 3.3095e-05 0.00104249 182 0.998263
317 0 0.00104249 183 0.998279
316 0 0.00104249 184 0.998296
315 0 0.00104249 185 0.998296
314 1.65475e-05 0.00105904 186 0.998296
313 0 0.00105904 187 0.998296
312 0 0.00105904 188 0.998345
311 0 0.00105904 189 0.998411
310 0 0.00105904 190 0.998428
309 0 0.00105904 191 0.998428
308 0 0.00105904 192 0.998428
307 0 0.00105904 193 0.998428
306 0 0.00105904 194 0.998461
305 0 0.00105904 195 0.998461
304 0 0.00105904 196 0.998461
303 0 0.00105904 197 0.998461
302 0 0.00105904 198 0.998461
301 0 0.00105904 199 0.998478
300 0 0.00105904 200 0.998478
299 0 0.00105904 201 0.998478
298 1.65475e-05 0.00107559 202 0.998478
297 0 0.00107559 203 0.998511
296 0 0.00107559 204 0.998511
295 0 0.00107559 205 0.998527
294 0 0.00107559 206 0.998544
293 0 0.00107559 207 0.998544
292 0 0.00107559 208 0.998544
291 0 0.00107559 209 0.998577
290 1.65475e-05 0.00109214 210 0.998577
289 0 0.00109214 211 0.998577
288 0 0.00109214 212 0.998593
287 1.65475e-05 0.00110868 213 0.99861
286 0 0.00110868 214 0.99861
285 0 0.00110868 215 0.99861
284 0 0.00110868 216 0.99861
283 1.65475e-05 0.00112523 217 0.998627
282 0 0.00112523 218 0.998627
281 0 0.00112523 219 0.998627
280 0 0.00112523 220 0.998643
279 0 0.00112523 221 0.99866
278 0 0.00112523 222 0.99866
277 0 0.00112523 223 0.99866
276 0 0.00112523 224 0.99866
275 0 0.00112523 225 0.99866
274 1.65475e-05 0.00114178 226 0.998676
273 0 0.00114178 227 0.998676
272 0 0.00114178 228 0.998693
271 0 0.00114178 229 0.998693
270 1.65475e-05 0.00115833 230 0.998693
269 1.65475e-05 0.00117487 231 0.998693
268 1.65475e-05 0.00119142 232 0.998693
267 0 0.00119142 233 0.998693
266 0 0.00119142 234 0.998693
265 0 0.00119142 235 0.998693
264 0 0.00119142 236 0.998693
263 1.65475e-05 0.00120797 237 0.998693
262 0 0.00120797 238 0.998709
261 0 0.00120797 239 0.998709
260 0 0.00120797 240 0.998709
259 1.65475e-05 0.00122452 241 0.998709
258 0 0.00122452 242 0.998709
257 0 0.00122452 243 0.998709
256 0 0.00122452 244 0.998709
255 0 0.00122452 245 0.998709
254 3.3095e-05 0.00125761 246 0.998709
253 1.65475e-05 0.00127416 247 0.998709
252 0 0.00127416 248 0.998726
251 0 0.00127416 249 0.998726
250 0 0.00127416 250 0.998726
249 0 0.00127416 251 0.998726
248 1.65475e-05 0.00129071 252 0.998726
247 0 0.00129071 253 0.998742
246 0 0.00129071 254 0.998775
245 0 0.00129071 255 0.998775
244 0 0.00129071 256 0.998775
243 0 0.00129071 257 0.998775
242 0 0.00129071 258 0.998775
241 0 0.00129071 259 0.998792
240 0 0.00129071 260 0.998792
239 0 0.00129071 261 0.998792
238 1.65475e-05 0.00130725 262 0.998792
237 0 0.00130725 263 0.998809
236 0 0.00130725 264 0.998809
235 0 0.00130725 265 0.998809
234 0 0.00130725 266 0.998809
233 0 0.00130725 267 0.998809
232 0 0.00130725 268 0.998825
231 0 0.00130725 269 0.998842
230 0 0.00130725 270 0.998858
229 0 0.00130725 271 0.998858
228 1.65475e-05 0.0013238 272 0.998858
227 0 0.0013238 273 0.998858
226 1.65475e-05 0.00134035 274 0.998875
225 0 0.00134035 275 0.998875
224 0 0.00134035 276 0.998875
223 0 0.00134035 277 0.998875
222 0 0.00134035 278 0.998875
221 1.65475e-05 0.0013569 279 0.998875
220 1.65475e-05 0.00137344 280 0.998875
219 0 0.00137344 281 0.998875
218 0 0.00137344 282 0.998875
217 1.65475e-05 0.00138999 283 0.998891
216 0 0.00138999 284 0.998891
215 0 0.00138999 285 0.998891
214 0 0.00138999 286 0.998891
213 1.65475e-05 0.00140654 287 0.998908
212 1.65475e-05 0.00142309 288 0.998908
211 0 0.00142309 289 0.998908
210 0 0.00142309 290 0.998924
209 3.3095e-05 0.00145618 291 0.998924
208 0 0.00145618 292 0.998924
207 0 0.00145618 293 0.998924
206 1.65475e-05 0.00147273 294 0.998924
205 1.65475e-05 0.00148928 295 0.998924
204 0 0.00148928 296 0.998924
203 3.3095e-05 0.00152237 297 0.998924
202 0 0.00152237 298 0.998941
201 0 0.00152237 299 0.998941
200 0 0.00152237 300 0.998941
199 1.65475e-05 0.00153892 301 0.998941
198 0 0.00153892 302 0.998941
197 0 0.00153892 303 0.998941
196 0 0.00153892 304 0.998941
195 0 0.00153892 305 0.998941
194 3.3095e-05 0.00157201 306 0.998941
193 0 0.00157201 307 0.998941
192 0 0.00157201 308 0.998941
191 0 0.00157201 309 0.998941
190 1.65475e-05 0.00158856 310 0.998941
189 6.61901e-05 0.00165475 311 0.998941
188 4.96426e-05 0.0017044 312 0.998941
187 0 0.0017044 313 0.998941
186 0 0.0017044 314 0.998958
185 0 0.0017044 315 0.998958
184 1.65475e-05 0.00172094 316 0.998958
183 1.65475e-05 0.00173749 317 0.998958
182 1.65475e-05 0.00175404 318 0.998991
181 0 0.00175404 319 0.999007
180 0 0.00175404 320 0.999024
179 0 0.00175404 321 0.999024
178 3.3095e-05 0.00178713 322 0.999024
177 1.65475e-05 0.00180368 323 0.999024
176 0 0.00180368 324 0.99904
175 1.65475e-05 0.00182023 325 0.999057
174 1.65475e-05 0.00183678 326 0.999073
173 1.65475e-05 0.00185332 327 0.999073
172 0 0.00185332 328 0.999073
171 0 0.00185332 329 0.999073
170 0 0.00185332 330 0.999073
169 1.65475e-05 0.00186987 331 0.999073
168 0 0.00186987 332 0.999073
167 3.3095e-05 0.00190297 333 0.99909
166 4.96426e-05 0.00195261 334 0.99909
165 0 0.00195261 335 0.99909
164 3.3095e-05 0.0019857 336 0.99909
163 1.65475e-05 0.00200225 337 0.99909
162 0 0.00200225 338 0.99909
161 1.65475e-05 0.0020188 339 0.99909
160 1.65475e-05 0.00203535 340 0.99909
159 1.65475e-05 0.00205189 341 0.99909
158 0 0.00205189 342 0.99909
157 9.92851e-05 0.00215118 343 0.99909
156 0 0.00215118 344 0.99909
155 1.65475e-05 0.00216773 345 0.99909
154 3.3095e-05 0.00220082 346 0.99909
153 1.65475e-05 0.00221737 347 0.99909
152 1.65475e-05 0.00223392 348 0.999123
151 9.92851e-05 0.0023332 349 0.99914
150 3.3095e-05 0.0023663 350 0.99914
149 1.65475e-05 0.00238284 351 0.99914
148 1.65475e-05 0.00239939 352 0.99914
147 1.65475e-05 0.00241594 353 0.99914
146 3.3095e-05 0.00244903 354 0.99914
145 3.3095e-05 0.00248213 355 0.99914
144 0 0.00248213 356 0.99914
143 3.3095e-05 0.00251522 357 0.99914
142 1.65475e-05 0.00253177 358 0.99914
141 0 0.00253177 359 0.99914
140 3.3095e-05 0.00256487 360 0.999156
139 3.3095e-05 0.00259796 361 0.999173
138 1.65475e-05 0.00261451 362 0.999173
137 3.3095e-05 0.0026476 363 0.999173
136 1.65475e-05 0.00266415 364 0.999206
135 0 0.00266415 365 0.999206
134 6.61901e-05 0.00273034 366 0.999206
133 0.000115833 0.00284617 367 0.999222
132 3.3095e-05 0.00287927 368 0.999222
131 1.65475e-05 0.00289582 369 0.999222
130 3.3095e-05 0.00292891 370 0.999222
129 4.96426e-05 0.00297855 371 0.999222
128 6.61901e-05 0.00304474 372 0.999222
127 1.65475e-05 0.00306129 373 0.999222
126 0 0.00306129 374 0.999239
125 0 0.00306129 375 0.999239
124 1.65475e-05 0.00307784 376 0.999239
123 0.000115833 0.00319367 377 0.999239
122 3.3095e-05 0.00322677 378 0.999239
121 1.65475e-05 0.00324331 379 0.999255
120 4.96426e-05 0.00329296 380 0.999272
119 0 0.00329296 381 0.999272
118 8.27376e-05 0.00337569 382 0.999272
117 6.61901e-05 0.00344189 383 0.999288
116 6.61901e-05 0.00350808 384 0.999288
115 1.65475e-05 0.00352462 385 0.999305
114 4.96426e-05 0.00357427 386 0.999305
113 4.96426e-05 0.00362391 387 0.999305
112 3.3095e-05 0.003657 388 0.999305
111 1.65475e-05 0.00367355 389 0.999305
110 4.96426e-05 0.00372319 390 0.999322
109 9.92851e-05 0.00382248 391 0.999322
108 4.96426e-05 0.00387212 392 0.999338
107 1.65475e-05 0.00388867 393 0.999338
106 4.96426e-05 0.00393831 394 0.999338
105 3.3095e-05 0.00397141 395 0.999338
104 4.96426e-05 0.00402105 396 0.999338
103 6.61901e-05 0.00408724 397 0.999338
102 0.000115833 0.00420307 398 0.999338
101 9.92851e-05 0.00430236 399 0.999338
100 4.96426e-05 0.004352 400 0.999338
99 8.27376e-05 0.00443474 401 0.999338
98 4.96426e-05 0.00448438 402 0.999338
97 0.000115833 0.00460021 403 0.999338
96 8.27376e-05 0.00468295 404 0.999338
95 3.3095e-05 0.00471604 405 0.999338
94 4.96426e-05 0.00476569 406 0.999338
93 4.96426e-05 0.00481533 407 0.999338
92 8.27376e-05 0.00489807 408 0.999355
91 8.27376e-05 0.0049808 409 0.999355
90 4.96426e-05 0.00503045 410 0.999355
89 0.00013238 0.00516283 411 0.999355
88 1.65475e-05 0.00517938 412 0.999355
87 8.27376e-05 0.00526211 413 0.999355
86 8.27376e-05 0.00534485 414 0.999355
85 8.27376e-05 0.00542759 415 0.999355
84 0.000148928 0.00557652 416 0.999355
83 0.000148928 0.00572544 417 0.999355
82 0.000115833 0.00584128 418 0.999355
81 8.27376e-05 0.00592401 419 0.999355
80 6.61901e-05 0.0059902 420 0.999355
79 0.00013238 0.00612258 421 0.999355
78 0.000215118 0.0063377 422 0.999355
77 0.00013238 0.00647008 423 0.999355
76 0.000115833 0.00658591 424 0.999355
75 9.92851e-05 0.0066852 425 0.999355
74 0.00019857 0.00688377 426 0.999355
73 9.92851e-05 0.00698306 427 0.999355
72 0.000248213 0.00723127 428 0.999355
71 8.27376e-05 0.00731401 429 0.999355
70 0.000165475 0.00747948 430 0.999355
69 0.000165475 0.00764496 431 0.999355
68 0.00026476 0.00790972 432 0.999355
67 9.92851e-05 0.008009 433 0.999371
66 0.00026476 0.00827376 434 0.999371
65 0.000182023 0.00845579 435 0.999388
64 0.000165475 0.00862126 436 0.999388
63 0.000182023 0.00880328 437 0.999388
62 0.000281308 0.00908459 438 0.999388
61 0.000413688 0.00949828 439 0.999388
60 0.000182023 0.0096803 440 0.999388
59 0.000248213 0.00992851 441 0.999388
58 0.000281308 0.0102098 442 0.999388
57 0.000231665 0.0104415 443 0.999388
56 0.000347498 0.010789 444 0.999404
55 0.00026476 0.0110537 445 0.999404
54 0.000231665 0.0112854 446 0.999404
53 0.000215118 0.0115005 447 0.999404
52 0.000380593 0.0118811 448 0.999404
51 0.000314403 0.0121955 449 0.999404
50 0.00033095 0.0125265 450 0.999404
49 0.00033095 0.0128574 451 0.999404
48 0.000281308 0.0131387 452 0.999404
47 0.000380593 0.0135193 453 0.999404
46 0.000297855 0.0138172 454 0.999404
45 0.000215118 0.0140323 455 0.999404
44 0.00026476 0.0142971 456 0.999404
43 0.000512973 0.01481 457 0.999404
42 0.000463331 0.0152734 458 0.999404
41 0.000463331 0.0157367 459 0.999404
40 0.000496426 0.0162331 460 0.999404
39 0.000744639 0.0169778 461 0.999404
38 0.000777734 0.0177555 462 0.999404
37 0.00033095 0.0180864 463 0.999404
36 0.000529521 0.018616 464 0.999404
35 0.000479878 0.0190958 465 0.999404
34 0.000661901 0.0197577 466 0.999404
33 0.000711544 0.0204693 467 0.999404
32 0.000893566 0.0213629 468 0.999404
31 0.000926661 0.0222895 469 0.999404
30 0.00112523 0.0234147 470 0.999421
29 0.00115833 0.0245731 471 0.999421
28 0.00115833 0.0257314 472 0.999421
27 0.00117487 0.0269063 473 0.999421
26 0.00180368 0.02871 474 0.999421
25 0.00140654 0.0301165 475 0.999437
24 0.00190297 0.0320195 476 0.999437
23 0.00223392 0.0342534 477 0.999437
22 0.00206844 0.0363218 478 0.999437
21 0.00263106 0.0389529 479 0.999437
20 0.00321022 0.0421631 480 0.999437
19 0.00335915 0.0455222 481 0.999437
18 0.00357427 0.0490965 482 0.999437
17 0.00355772 0.0526542 483 0.999437
16 0.00359081 0.056245 484 0.999437
15 0.00456712 0.0608122 485 0.999454
14 0.00584128 0.0666534 486 0.999454
13 0.00656937 0.0732228 487 0.999454
12 0.00787662 0.0810994 488 0.999454
11 0.00964721 0.0907466 489 0.999454
10 0.0120797 0.102826 490 0.999454
9 0.0147935 0.11762 491 0.999454
8 0.0199067 0.137526 492 0.999454
7 0.0252184 0.162745 493 0.999454
6 0.0335418 0.196287 494 0.999454
5 0.0475907 0.243877 495 0.999454
4 0.0690363 0.312914 496 0.999454
3 0.110935 0.423848 497 0.999454
2 0.195989 0.619837 498 0.999454
1 0.380163 1 499 0.999454
0 0 1 500 1
