#lifespan, pdf, cdf (from 500), lifespan, cdf (from0)
500 0 0 0 0
499 0 0 1 0.461165
498 0 0 2 0.669816
497 0 0 3 0.776872
496 0 0 4 0.836945
495 0 0 5 0.871359
494 0 0 6 0.897798
493 0 0 7 0.915222
492 0 0 8 0.928311
491 0 0 9 0.939667
490 0 0 10 0.947989
489 0 0 11 0.953623
488 0 0 12 0.957871
487 0 0 13 0.961078
486 0 0 14 0.964806
485 0 0 15 0.968793
484 0 0 16 0.970874
483 0 0 17 0.973734
482 0 0 18 0.975208
481 0 0 19 0.976508
480 0 0 20 0.977722
479 0 0 21 0.979109
478 0 0 22 0.980583
477 0 0 23 0.981276
476 0 0 24 0.982316
475 0 0 25 0.98353
474 0 0 26 0.98405
473 0 0 27 0.98561
472 0 0 28 0.986477
471 0 0 29 0.987257
470 0 0 30 0.987777
469 0 0 31 0.988124
468 0 0 32 0.988471
467 0 0 33 0.988558
466 0 0 34 0.988904
465 0 0 35 0.989338
464 0 0 36 0.989424
463 0 0 37 0.990291
462 0 0 38 0.990811
461 0 0 39 0.991418
460 0 0 40 0.991938
459 0 0 41 0.992112
458 0 0 42 0.992718
457 0 0 43 0.993065
456 0 0 44 0.993239
455 0 0 45 0.993325
454 0 0 46 0.993585
453 0 0 47 0.993845
452 0 0 48 0.994279
451 0 0 49 0.994365
450 0 0 50 0.994452
449 0 0 51 0.994539
448 0 0 52 0.994539
447 0 0 53 0.994539
446 0 0 54 0.994712
445 0 0 55 0.994886
444 0 0 56 0.995146
443 0 0 57 0.995319
442 0 0 58 0.995492
441 0 0 59 0.995579
440 0 0 60 0.995579
439 0 0 61 0.995752
438 0 0 62 0.996012
437 0 0 63 0.996099
436 0 0 64 0.996186
435 0 0 65 0.996533
434 0 0 66 0.996619
433 0 0 67 0.996793
432 0 0 68 0.996793
431 0 0 69 0.996793
430 0 0 70 0.996966
429 0 0 71 0.997053
428 0 0 72 0.997053
427 0 0 73 0.997139
426 0 0 74 0.997313
425 0 0 75 0.997313
424 0 0 76 0.997399
423 0 0 77 0.997399
422 0 0 78 0.997486
421 0 0 79 0.99766
420 0 0 80 0.99766
419 0 0 81 0.99766
418 0 0 82 0.99766
417 0 0 83 0.997833
416 0 0 84 0.997833
415 0 0 85 0.99792
414 0 0 86 0.998006
413 0 0 87 0.998006
412 0 0 88 0.998093
411 0 0 89 0.99818
410 0 0 90 0.998266
409 0 0 91 0.998266
408 0 0 92 0.998353
407 0 0 93 0.99844
406 0 0 94 0.99844
405 0 0 95 0.998526
404 0 0 96 0.998526
403 0 0 97 0.998526
402 0 0 98 0.998613
401 0 0 99 0.9987
400 0 0 100 0.998786
399 0 0 101 0.998786
398 0 0 102 0.998786
397 0 0 103 0.998786
396 0 0 104 0.998873
395 0 0 105 0.998873
394 0 0 106 0.998873
393 0 0 107 0.998873
392 0 0 108 0.998873
391 0 0 109 0.998873
390 0 0 110 0.99896
389 0 0 111 0.99896
388 0 0 112 0.999133
387 0 0 113 0.999133
386 0 0 114 0.999133
385 0 0 115 0.999133
384 0 0 116 0.999133
383 0 0 117 0.999133
382 0 0 118 0.999133
381 0 0 119 0.999133
380 0 0 120 0.999133
379 0 0 121 0.999133
378 0 0 122 0.999133
377 0 0 123 0.99922
376 0 0 124 0.99922
375 0 0 125 0.999307
374 0 0 126 0.999307
373 0 0 127 0.999307
372 0 0 128 0.999307
371 0 0 129 0.999307
370 0 0 130 0.999307
369 0 0 131 0.999307
368 0 0 132 0.999307
367 0 0 133 0.999307
366 0 0 134 0.999307
365 0 0 135 0.999393
364 0 0 136 0.999393
363 0 0 137 0.999653
362 0 0 138 0.999653
361 0 0 139 0.999653
360 0 0 140 0.999653
359 0 0 141 0.999653
358 0 0 142 0.999653
357 0 0 143 0.999653
356 0 0 144 0.999653
355 0 0 145 0.999653
354 0 0 146 0.999653
353 0 0 147 0.999653
352 0 0 148 0.999653
351 0 0 149 0.999653
350 0 0 150 0.999653
349 0 0 151 0.999653
348 0 0 152 0.999653
347 0 0 153 0.999653
346 0 0 154 0.999653
345 0 0 155 0.999653
344 0 0 156 0.999653
343 0 0 157 0.999653
342 0 0 158 0.999653
341 0 0 159 0.999653
340 0 0 160 0.999653
339 0 0 161 0.999653
338 0 0 162 0.999653
337 0 0 163 0.999653
336 0 0 164 0.999653
335 0 0 165 0.99974
334 0 0 166 0.99974
333 0 0 167 0.99974
332 0 0 168 0.99974
331 0 0 169 0.99974
330 0 0 170 0.99974
329 0 0 171 0.99974
328 0 0 172 0.99974
327 0 0 173 0.99974
326 0 0 174 0.99974
325 0 0 175 0.999827
324 0 0 176 0.999827
323 0 0 177 0.999827
322 0 0 178 0.999827
321 0 0 179 0.999827
320 0 0 180 0.999827
319 0 0 181 0.999827
318 0 0 182 0.999827
317 0 0 183 0.999827
316 0 0 184 0.999827
315 0 0 185 0.999827
314 0 0 186 0.999827
313 0 0 187 0.999827
312 0 0 188 0.999827
311 0 0 189 0.999827
310 0 0 190 0.999913
309 0 0 191 0.999913
308 0 0 192 0.999913
307 0 0 193 0.999913
306 0 0 194 0.999913
305 0 0 195 0.999913
304 0 0 196 0.999913
303 0 0 197 0.999913
302 0 0 198 0.999913
301 0 0 199 0.999913
300 0 0 200 0.999913
299 0 0 201 0.999913
298 0 0 202 0.999913
297 0 0 203 0.999913
296 0 0 204 0.999913
295 0 0 205 0.999913
294 0 0 206 0.999913
293 0 0 207 0.999913
292 0 0 208 0.999913
291 0 0 209 0.999913
290 0 0 210 0.999913
289 0 0 211 0.999913
288 0 0 212 0.999913
287 0 0 213 0.999913
286 0 0 214 0.999913
285 0 0 215 0.999913
284 0 0 216 0.999913
283 0 0 217 0.999913
282 0 0 218 0.999913
281 0 0 219 0.999913
280 0 0 220 0.999913
279 0 0 221 0.999913
278 0 0 222 0.999913
277 0 0 223 0.999913
276 0 0 224 0.999913
275 0 0 225 0.999913
274 0 0 226 0.999913
273 0 0 227 0.999913
272 0 0 228 0.999913
271 0 0 229 0.999913
270 0 0 230 0.999913
269 0 0 231 0.999913
268 0 0 232 0.999913
267 0 0 233 0.999913
266 0 0 234 0.999913
265 0 0 235 0.999913
264 0 0 236 0.999913
263 0 0 237 1
262 0 0 238 1
261 0 0 239 1
260 0 0 240 1
259 0 0 241 1
258 0 0 242 1
257 0 0 243 1
256 0 0 244 1
255 0 0 245 1
254 0 0 246 1
253 0 0 247 1
252 0 0 248 1
251 0 0 249 1
250 0 0 250 1
249 0 0 251 1
248 0 0 252 1
247 0 0 253 1
246 0 0 254 1
245 0 0 255 1
244 0 0 256 1
243 0 0 257 1
242 0 0 258 1
241 0 0 259 1
240 0 0 260 1
239 0 0 261 1
238 0 0 262 1
237 8.66852e-05 8.66852e-05 263 1
236 0 8.66852e-05 264 1
235 0 8.66852e-05 265 1
234 0 8.66852e-05 266 1
233 0 8.66852e-05 267 1
232 0 8.66852e-05 268 1
231 0 8.66852e-05 269 1
230 0 8.66852e-05 270 1
229 0 8.66852e-05 271 1
228 0 8.66852e-05 272 1
227 0 8.66852e-05 273 1
226 0 8.66852e-05 274 1
225 0 8.66852e-05 275 1
224 0 8.66852e-05 276 1
223 0 8.66852e-05 277 1
222 0 8.66852e-05 278 1
221 0 8.66852e-05 279 1
220 0 8.66852e-05 280 1
219 0 8.66852e-05 281 1
218 0 8.66852e-05 282 1
217 0 8.66852e-05 283 1
216 0 8.66852e-05 284 1
215 0 8.66852e-05 285 1
214 0 8.66852e-05 286 1
213 0 8.66852e-05 287 1
212 0 8.66852e-05 288 1
211 0 8.66852e-05 289 1
210 0 8.66852e-05 290 1
209 0 8.66852e-05 291 1
208 0 8.66852e-05 292 1
207 0 8.66852e-05 293 1
206 0 8.66852e-05 294 1
205 0 8.66852e-05 295 1
204 0 8.66852e-05 296 1
203 0 8.66852e-05 297 1
202 0 8.66852e-05 298 1
201 0 8.66852e-05 299 1
200 0 8.66852e-05 300 1
199 0 8.66852e-05 301 1
198 0 8.66852e-05 302 1
197 0 8.66852e-05 303 1
196 0 8.66852e-05 304 1
195 0 8.66852e-05 305 1
194 0 8.66852e-05 306 1
193 0 8.66852e-05 307 1
192 0 8.66852e-05 308 1
191 0 8.66852e-05 309 1
190 8.66852e-05 0.00017337 310 1
189 0 0.00017337 311 1
188 0 0.00017337 312 1
187 0 0.00017337 313 1
186 0 0.00017337 314 1
185 0 0.00017337 315 1
184 0 0.00017337 316 1
183 0 0.00017337 317 1
182 0 0.00017337 318 1
181 0 0.00017337 319 1
180 0 0.00017337 320 1
179 0 0.00017337 321 1
178 0 0.00017337 322 1
177 0 0.00017337 323 1
176 0 0.00017337 324 1
175 8.66852e-05 0.000260055 325 1
174 0 0.000260055 326 1
173 0 0.000260055 327 1
172 0 0.000260055 328 1
171 0 0.000260055 329 1
170 0 0.000260055 330 1
169 0 0.000260055 331 1
168 0 0.000260055 332 1
167 0 0.000260055 333 1
166 0 0.000260055 334 1
165 8.66852e-05 0.000346741 335 1
164 0 0.000346741 336 1
163 0 0.000346741 337 1
162 0 0.000346741 338 1
161 0 0.000346741 339 1
160 0 0.000346741 340 1
159 0 0.000346741 341 1
158 0 0.000346741 342 1
157 0 0.000346741 343 1
156 0 0.000346741 344 1
155 0 0.000346741 345 1
154 0 0.000346741 346 1
153 0 0.000346741 347 1
152 0 0.000346741 348 1
151 0 0.000346741 349 1
150 0 0.000346741 350 1
149 0 0.000346741 351 1
148 0 0.000346741 352 1
147 0 0.000346741 353 1
146 0 0.000346741 354 1
145 0 0.000346741 355 1
144 0 0.000346741 356 1
143 0 0.000346741 357 1
142 0 0.000346741 358 1
141 0 0.000346741 359 1
140 0 0.000346741 360 1
139 0 0.000346741 361 1
138 0 0.000346741 362 1
137 0.000260055 0.000606796 363 1
136 0 0.000606796 364 1
135 8.66852e-05 0.000693481 365 1
134 0 0.000693481 366 1
133 0 0.000693481 367 1
132 0 0.000693481 368 1
131 0 0.000693481 369 1
130 0 0.000693481 370 1
129 0 0.000693481 371 1
128 0 0.000693481 372 1
127 0 0.000693481 373 1
126 0 0.000693481 374 1
125 8.66852e-05 0.000780166 375 1
124 0 0.000780166 376 1
123 8.66852e-05 0.000866852 377 1
122 0 0.000866852 378 1
121 0 0.000866852 379 1
120 0 0.000866852 380 1
119 0 0.000866852 381 1
118 0 0.000866852 382 1
117 0 0.000866852 383 1
116 0 0.000866852 384 1
115 0 0.000866852 385 1
114 0 0.000866852 386 1
113 0 0.000866852 387 1
112 0.00017337 0.00104022 388 1
111 0 0.00104022 389 1
110 8.66852e-05 0.00112691 390 1
109 0 0.00112691 391 1
108 0 0.00112691 392 1
107 0 0.00112691 393 1
106 0 0.00112691 394 1
105 0 0.00112691 395 1
104 8.66852e-05 0.00121359 396 1
103 0 0.00121359 397 1
102 0 0.00121359 398 1
101 0 0.00121359 399 1
100 8.66852e-05 0.00130028 400 1
99 8.66852e-05 0.00138696 401 1
98 8.66852e-05 0.00147365 402 1
97 0 0.00147365 403 1
96 0 0.00147365 404 1
95 8.66852e-05 0.00156033 405 1
94 0 0.00156033 406 1
93 8.66852e-05 0.00164702 407 1
92 8.66852e-05 0.0017337 408 1
91 0 0.0017337 409 1
90 8.66852e-05 0.00182039 410 1
89 8.66852e-05 0.00190707 411 1
88 8.66852e-05 0.00199376 412 1
87 0 0.00199376 413 1
86 8.66852e-05 0.00208044 414 1
85 8.66852e-05 0.00216713 415 1
84 0 0.00216713 416 1
83 0.00017337 0.0023405 417 1
82 0 0.0023405 418 1
81 0 0.0023405 419 1
80 0 0.0023405 420 1
79 0.00017337 0.00251387 421 1
78 8.66852e-05 0.00260055 422 1
77 0 0.00260055 423 1
76 8.66852e-05 0.00268724 424 1
75 0 0.00268724 425 1
74 0.00017337 0.00286061 426 1
73 8.66852e-05 0.0029473 427 1
72 0 0.0029473 428 1
71 8.66852e-05 0.00303398 429 1
70 0.00017337 0.00320735 430 1
69 0 0.00320735 431 1
68 0 0.00320735 432 1
67 0.00017337 0.00338072 433 1
66 8.66852e-05 0.00346741 434 1
65 0.000346741 0.00381415 435 1
64 8.66852e-05 0.00390083 436 1
63 8.66852e-05 0.00398752 437 1
62 0.000260055 0.00424757 438 1
61 0.00017337 0.00442094 439 1
60 0 0.00442094 440 1
59 8.66852e-05 0.00450763 441 1
58 0.00017337 0.004681 442 1
57 0.00017337 0.00485437 443 1
56 0.000260055 0.00511442 444 1
55 0.00017337 0.00528779 445 1
54 0.00017337 0.00546117 446 1
53 0 0.00546117 447 1
52 0 0.00546117 448 1
51 8.66852e-05 0.00554785 449 1
50 8.66852e-05 0.00563454 450 1
49 8.66852e-05 0.00572122 451 1
48 0.000433426 0.00615465 452 1
47 0.000260055 0.0064147 453 1
46 0.000260055 0.00667476 454 1
45 8.66852e-05 0.00676144 455 1
44 0.00017337 0.00693481 456 1
43 0.000346741 0.00728155 457 1
42 0.000606796 0.00788835 458 1
41 0.00017337 0.00806172 459 1
40 0.000520111 0.00858183 460 1
39 0.000606796 0.00918863 461 1
38 0.000520111 0.00970874 462 1
37 0.000866852 0.0105756 463 1
36 8.66852e-05 0.0106623 464 1
35 0.000433426 0.0110957 465 1
34 0.000346741 0.0114424 466 1
33 8.66852e-05 0.0115291 467 1
32 0.000346741 0.0118759 468 1
31 0.000346741 0.0122226 469 1
30 0.000520111 0.0127427 470 1
29 0.000780166 0.0135229 471 1
28 0.000866852 0.0143897 472 1
27 0.00156033 0.0159501 473 1
26 0.000520111 0.0164702 474 1
25 0.00121359 0.0176838 475 1
24 0.00104022 0.018724 476 1
23 0.000693481 0.0194175 477 1
22 0.00147365 0.0208911 478 1
21 0.00138696 0.0222781 479 1
20 0.00121359 0.0234917 480 1
19 0.00130028 0.024792 481 1
18 0.00147365 0.0262656 482 1
17 0.00286061 0.0291262 483 1
16 0.00208044 0.0312067 484 1
15 0.00398752 0.0351942 485 1
14 0.00372746 0.0389216 486 1
13 0.00320735 0.042129 487 1
12 0.00424757 0.0463766 488 1
11 0.00563454 0.0520111 489 1
10 0.00832178 0.0603329 490 1
9 0.0113558 0.0716886 491 1
8 0.0130895 0.0847781 492 1
7 0.0174237 0.102202 493 1
6 0.026439 0.128641 494 1
5 0.034414 0.163055 495 1
4 0.0600728 0.223128 496 1
3 0.107056 0.330184 497 1
2 0.208651 0.538835 498 1
1 0.461165 1 499 1
0 0 1 500 1
