#lifespan, pdf, cdf (from 500), lifespan, cdf (from0)
500 0.000696482 0.000696482 0 0
499 1.91868e-06 0.0006984 1 0.374795
498 6.39561e-07 0.00069904 2 0.568327
497 0 0.00069904 3 0.677395
496 0 0.00069904 4 0.747223
495 3.83736e-06 0.000702877 5 0.795086
494 0 0.000702877 6 0.828949
493 1.91868e-06 0.000704796 7 0.854769
492 0 0.000704796 8 0.87405
491 2.55824e-06 0.000707354 9 0.889094
490 6.39561e-07 0.000707994 10 0.901385
489 1.91868e-06 0.000709912 11 0.911883
488 7.67473e-06 0.000717587 12 0.920331
487 3.83736e-06 0.000721425 13 0.927513
486 0 0.000721425 14 0.933368
485 3.1978e-06 0.000724622 15 0.938327
484 0 0.000724622 16 0.942647
483 6.39561e-07 0.000725262 17 0.946572
482 9.59341e-06 0.000734855 18 0.950107
481 0 0.000734855 19 0.953347
480 2.55824e-06 0.000737414 20 0.956175
479 0 0.000737414 21 0.95863
478 0 0.000737414 22 0.960974
477 5.11649e-06 0.00074253 23 0.962999
476 3.1978e-06 0.000745728 24 0.964983
475 2.55824e-06 0.000748286 25 0.966769
474 1.91868e-06 0.000750205 26 0.968403
473 6.39561e-07 0.000750844 27 0.969813
472 0 0.000750844 28 0.971126
471 3.1978e-06 0.000754042 29 0.972382
470 1.91868e-06 0.000755961 30 0.97343
469 6.39561e-07 0.0007566 31 0.974434
468 0 0.0007566 32 0.975475
467 0 0.0007566 33 0.976362
466 0 0.0007566 34 0.977266
465 0 0.0007566 35 0.978004
464 1.91868e-06 0.000758519 36 0.978767
463 6.39561e-07 0.000759159 37 0.979512
462 1.91868e-06 0.000761077 38 0.980169
461 6.39561e-07 0.000761717 39 0.980788
460 3.1978e-06 0.000764915 40 0.981364
459 1.27912e-06 0.000766194 41 0.981892
458 1.27912e-06 0.000767473 42 0.982445
457 1.91868e-06 0.000769392 43 0.982974
456 0 0.000769392 44 0.983462
455 4.47693e-06 0.000773869 45 0.983941
454 1.91868e-06 0.000775787 46 0.984397
453 0 0.000775787 47 0.984783
452 0 0.000775787 48 0.985202
451 3.83736e-06 0.000779625 49 0.985612
450 6.39561e-07 0.000780264 50 0.986014
449 2.55824e-06 0.000782822 51 0.986323
448 1.91868e-06 0.000784741 52 0.986647
447 3.83736e-06 0.000788578 53 0.986943
446 4.47693e-06 0.000793055 54 0.987273
445 0 0.000793055 55 0.987594
444 2.55824e-06 0.000795614 56 0.987892
443 3.83736e-06 0.000799451 57 0.988133
442 0 0.000799451 58 0.988367
441 2.55824e-06 0.000802009 59 0.988617
440 8.31429e-06 0.000810324 60 0.988884
439 6.39561e-07 0.000810963 61 0.989159
438 1.27912e-06 0.000812242 62 0.989375
437 0 0.000812242 63 0.989568
436 6.39561e-07 0.000812882 64 0.989798
435 1.91868e-06 0.0008148 65 0.990003
434 6.39561e-07 0.00081544 66 0.990192
433 6.39561e-07 0.00081608 67 0.990381
432 1.27912e-06 0.000817359 68 0.990575
431 7.03517e-06 0.000824394 69 0.990799
430 1.27912e-06 0.000825673 70 0.991006
429 6.39561e-07 0.000826313 71 0.991137
428 5.11649e-06 0.000831429 72 0.991329
427 1.27912e-06 0.000832708 73 0.991474
426 0 0.000832708 74 0.991627
425 2.55824e-06 0.000835266 75 0.991809
424 0 0.000835266 76 0.991919
423 1.91868e-06 0.000837185 77 0.992067
422 0 0.000837185 78 0.992202
421 8.95385e-06 0.000846139 79 0.992333
420 1.08725e-05 0.000857011 80 0.992487
419 0 0.000857011 81 0.992591
418 3.83736e-06 0.000860849 82 0.992709
417 1.27912e-06 0.000862128 83 0.992818
416 1.91868e-06 0.000864047 84 0.992938
415 6.39561e-07 0.000864686 85 0.993028
414 1.27912e-06 0.000865965 86 0.993199
413 2.55824e-06 0.000868524 87 0.993321
412 1.27912e-06 0.000869803 88 0.993397
411 1.91868e-06 0.000871721 89 0.993501
410 0 0.000871721 90 0.993603
409 1.27912e-06 0.000873 91 0.993691
408 6.39561e-06 0.000879396 92 0.993758
407 6.39561e-07 0.000880036 93 0.993842
406 0 0.000880036 94 0.99394
405 0 0.000880036 95 0.994008
404 6.39561e-07 0.000880675 96 0.994115
403 5.11649e-06 0.000885792 97 0.994195
402 3.1978e-06 0.00088899 98 0.994248
401 1.27912e-06 0.000890269 99 0.994326
400 3.83736e-06 0.000894106 100 0.994396
399 6.39561e-07 0.000894746 101 0.994465
398 1.91868e-06 0.000896664 102 0.994539
397 1.91868e-06 0.000898583 103 0.994621
396 1.27912e-06 0.000899862 104 0.994681
395 5.75605e-06 0.000905618 105 0.994742
394 1.91868e-06 0.000907537 106 0.994826
393 1.27912e-06 0.000908816 107 0.994903
392 6.39561e-07 0.000909455 108 0.994972
391 3.1978e-06 0.000912653 109 0.99507
390 6.39561e-07 0.000913293 110 0.995103
389 0 0.000913293 111 0.995166
388 1.91868e-06 0.000915212 112 0.995228
387 6.39561e-07 0.000915851 113 0.995277
386 2.55824e-06 0.000918409 114 0.995318
385 1.47099e-05 0.000933119 115 0.995368
384 6.39561e-07 0.000933759 116 0.995438
383 1.91868e-06 0.000935677 117 0.995497
382 1.91868e-06 0.000937596 118 0.995538
381 6.39561e-06 0.000943992 119 0.995578
380 1.08725e-05 0.000954864 120 0.995624
379 1.27912e-06 0.000956143 121 0.995667
378 5.11649e-06 0.00096126 122 0.995703
377 1.27912e-06 0.000962539 123 0.995765
376 1.91868e-06 0.000964458 124 0.995815
375 7.03517e-06 0.000971493 125 0.99585
374 2.55824e-06 0.000974051 126 0.995886
373 0 0.000974051 127 0.995916
372 0 0.000974051 128 0.995965
371 1.91868e-06 0.00097597 129 0.996005
370 1.91868e-06 0.000977888 130 0.996046
369 3.1978e-06 0.000981086 131 0.996076
368 1.27912e-06 0.000982365 132 0.996102
367 2.55824e-06 0.000984924 133 0.996148
366 0 0.000984924 134 0.996193
365 3.83736e-06 0.000988761 135 0.996214
364 5.11649e-06 0.000993877 136 0.996239
363 1.0233e-05 0.00100411 137 0.9963
362 7.03517e-06 0.00101115 138 0.996323
361 7.03517e-06 0.00101818 139 0.996367
360 4.47693e-06 0.00102266 140 0.996402
359 6.39561e-07 0.0010233 141 0.996444
358 0 0.0010233 142 0.996472
357 1.91868e-06 0.00102522 143 0.9965
356 9.59341e-06 0.00103481 144 0.996524
355 5.75605e-06 0.00104057 145 0.996544
354 5.11649e-06 0.00104568 146 0.996569
353 1.27912e-06 0.00104696 147 0.996601
352 6.39561e-07 0.0010476 148 0.996632
351 3.83736e-06 0.00105144 149 0.996669
350 4.47693e-06 0.00105591 150 0.996702
349 2.55824e-06 0.00105847 151 0.99675
348 1.91868e-06 0.00106039 152 0.996786
347 3.83736e-06 0.00106423 153 0.996806
346 8.31429e-06 0.00107254 154 0.996841
345 0 0.00107254 155 0.996867
344 1.27912e-06 0.00107382 156 0.996883
343 1.91868e-06 0.00107574 157 0.996916
342 6.39561e-07 0.00107638 158 0.996941
341 3.83736e-06 0.00108022 159 0.996963
340 7.67473e-06 0.00108789 160 0.996995
339 3.83736e-06 0.00109173 161 0.997017
338 7.67473e-06 0.00109941 162 0.997039
337 0 0.00109941 163 0.997062
336 1.0233e-05 0.00110964 164 0.997085
335 5.11649e-06 0.00111475 165 0.997106
334 1.08725e-05 0.00112563 166 0.997133
333 7.03517e-06 0.00113266 167 0.997157
332 8.31429e-06 0.00114098 168 0.997174
331 5.75605e-06 0.00114673 169 0.997195
330 3.83736e-06 0.00115057 170 0.997212
329 6.39561e-06 0.00115697 171 0.997232
328 5.11649e-06 0.00116208 172 0.997248
327 1.27912e-06 0.00116336 173 0.997259
326 7.03517e-06 0.0011704 174 0.997283
325 3.1978e-06 0.00117359 175 0.997296
324 6.39561e-06 0.00117999 176 0.997322
323 7.67473e-06 0.00118766 177 0.997342
322 3.83736e-06 0.0011915 178 0.997371
321 6.39561e-07 0.00119214 179 0.997385
320 3.83736e-06 0.00119598 180 0.997403
319 2.55824e-06 0.00119854 181 0.997417
318 5.11649e-06 0.00120365 182 0.997433
317 2.55824e-06 0.00120621 183 0.997465
316 6.39561e-07 0.00120685 184 0.997494
315 7.03517e-06 0.00121389 185 0.997522
314 3.1978e-06 0.00121708 186 0.997542
313 3.83736e-06 0.00122092 187 0.997567
312 6.39561e-06 0.00122732 188 0.997578
311 1.40703e-05 0.00124139 189 0.997594
310 6.39561e-06 0.00124778 190 0.997606
309 4.47693e-06 0.00125226 191 0.997631
308 3.1978e-06 0.00125546 192 0.997635
307 7.67473e-06 0.00126313 193 0.997647
306 3.1978e-06 0.00126633 194 0.997665
305 1.0233e-05 0.00127656 195 0.997671
304 1.91868e-06 0.00127848 196 0.997691
303 6.39561e-06 0.00128488 197 0.997703
302 1.91868e-06 0.0012868 198 0.997723
301 7.03517e-06 0.00129383 199 0.997742
300 3.83736e-06 0.00129767 200 0.997776
299 8.31429e-06 0.00130598 201 0.997788
298 3.83736e-06 0.00130982 202 0.997796
297 8.31429e-06 0.00131813 203 0.997819
296 1.91868e-06 0.00132005 204 0.997839
295 3.1978e-06 0.00132325 205 0.997854
294 1.0233e-05 0.00133348 206 0.997875
293 3.83736e-06 0.00133732 207 0.99788
292 1.91868e-06 0.00133924 208 0.997902
291 4.47693e-06 0.00134372 209 0.997911
290 1.27912e-05 0.00135651 210 0.997914
289 5.75605e-06 0.00136226 211 0.997932
288 7.67473e-06 0.00136994 212 0.997946
287 1.08725e-05 0.00138081 213 0.997964
286 1.91868e-06 0.00138273 214 0.997971
285 1.27912e-06 0.00138401 215 0.997978
284 6.39561e-07 0.00138465 216 0.99799
283 3.83736e-06 0.00138849 217 0.998005
282 6.39561e-06 0.00139488 218 0.998009
281 7.67473e-06 0.00140256 219 0.998023
280 2.55824e-06 0.00140512 220 0.998044
279 1.21517e-05 0.00141727 221 0.998056
278 5.75605e-06 0.00142302 222 0.998059
277 1.91868e-06 0.00142494 223 0.998064
276 3.83736e-06 0.00142878 224 0.998071
275 2.55824e-06 0.00143134 225 0.998075
274 1.79077e-05 0.00144924 226 0.998083
273 5.11649e-06 0.00145436 227 0.998091
272 1.21517e-05 0.00146651 228 0.998094
271 1.79077e-05 0.00148442 229 0.998101
270 1.72681e-05 0.00150169 230 0.99812
269 9.59341e-06 0.00151128 231 0.998124
268 1.34308e-05 0.00152471 232 0.998132
267 1.40703e-05 0.00153878 233 0.998139
266 5.75605e-06 0.00154454 234 0.99815
265 1.34308e-05 0.00155797 235 0.998157
264 8.31429e-06 0.00156628 236 0.998164
263 7.67473e-06 0.00157396 237 0.998171
262 1.0233e-05 0.00158419 238 0.998173
261 2.55824e-06 0.00158675 239 0.99819
260 1.34308e-05 0.00160018 240 0.9982
259 5.11649e-06 0.0016053 241 0.998206
258 1.08725e-05 0.00161617 242 0.998212
257 2.17451e-05 0.00163792 243 0.998219
256 7.03517e-06 0.00164495 244 0.998225
255 4.47693e-06 0.00164943 245 0.998241
254 7.03517e-06 0.00165646 246 0.998248
253 8.95385e-06 0.00166542 247 0.998273
252 1.53495e-05 0.00168077 248 0.998285
251 1.15121e-05 0.00169228 249 0.998292
250 1.53495e-05 0.00170763 250 0.998308
249 7.67473e-06 0.0017153 251 0.998319
248 1.21517e-05 0.00172745 252 0.998335
247 2.43033e-05 0.00175176 253 0.998344
246 7.67473e-06 0.00175943 254 0.998351
245 1.53495e-05 0.00177478 255 0.998355
244 6.39561e-06 0.00178118 256 0.998362
243 7.03517e-06 0.00178821 257 0.998384
242 5.75605e-06 0.00179397 258 0.998395
241 5.75605e-06 0.00179972 259 0.9984
240 1.0233e-05 0.00180996 260 0.998413
239 1.66286e-05 0.00182659 261 0.998416
238 2.55824e-06 0.00182914 262 0.998426
237 6.39561e-06 0.00183554 263 0.998434
236 7.67473e-06 0.00184321 264 0.998442
235 7.03517e-06 0.00185025 265 0.998455
234 1.08725e-05 0.00186112 266 0.998461
233 6.39561e-06 0.00186752 267 0.998475
232 8.95385e-06 0.00187647 268 0.998489
231 3.1978e-06 0.00187967 269 0.998498
230 1.91868e-05 0.00189886 270 0.998516
229 7.03517e-06 0.00190589 271 0.998533
228 3.1978e-06 0.00190909 272 0.998546
227 7.67473e-06 0.00191676 273 0.998551
226 8.31429e-06 0.00192508 274 0.998569
225 3.83736e-06 0.00192892 275 0.998571
224 7.03517e-06 0.00193595 276 0.998575
223 5.11649e-06 0.00194107 277 0.998577
222 2.55824e-06 0.00194363 278 0.998583
221 1.21517e-05 0.00195578 279 0.998595
220 2.11055e-05 0.00197688 280 0.998597
219 1.40703e-05 0.00199095 281 0.998605
218 4.47693e-06 0.00199543 282 0.998612
217 1.47099e-05 0.00201014 283 0.998615
216 1.15121e-05 0.00202165 284 0.998616
215 7.03517e-06 0.00202869 285 0.998617
214 7.67473e-06 0.00203636 286 0.998619
213 1.72681e-05 0.00205363 287 0.99863
212 1.47099e-05 0.00206834 288 0.998638
211 1.79077e-05 0.00208625 289 0.998643
210 3.1978e-06 0.00208945 290 0.998656
209 8.95385e-06 0.0020984 291 0.998661
208 2.17451e-05 0.00212014 292 0.998663
207 5.11649e-06 0.00212526 293 0.998667
206 2.04659e-05 0.00214573 294 0.998677
205 1.53495e-05 0.00216108 295 0.99868
204 1.98264e-05 0.0021809 296 0.998682
203 2.30242e-05 0.00220393 297 0.99869
202 8.31429e-06 0.00221224 298 0.998694
201 1.21517e-05 0.00222439 299 0.998702
200 3.32572e-05 0.00225765 300 0.998706
199 1.91868e-05 0.00227684 301 0.998713
198 2.04659e-05 0.0022973 302 0.998715
197 1.21517e-05 0.00230945 303 0.998722
196 1.98264e-05 0.00232928 304 0.998723
195 5.75605e-06 0.00233504 305 0.998734
194 1.79077e-05 0.00235294 306 0.998737
193 1.21517e-05 0.0023651 307 0.998745
192 3.83736e-06 0.00236893 308 0.998748
191 2.49429e-05 0.00239388 309 0.998752
190 1.21517e-05 0.00240603 310 0.998759
189 1.5989e-05 0.00242202 311 0.998773
188 1.08725e-05 0.00243289 312 0.998779
187 2.55824e-05 0.00245847 313 0.998783
186 1.91868e-05 0.00247766 314 0.998786
185 2.87802e-05 0.00250644 315 0.998793
184 2.87802e-05 0.00253522 316 0.998794
183 3.13385e-05 0.00256656 317 0.998796
182 1.66286e-05 0.00258319 318 0.998801
181 1.40703e-05 0.00259726 319 0.998804
180 1.72681e-05 0.00261452 320 0.998808
179 1.47099e-05 0.00262923 321 0.998808
178 2.87802e-05 0.00265801 322 0.998812
177 2.04659e-05 0.00267848 323 0.99882
176 2.55824e-05 0.00270406 324 0.998826
175 1.27912e-05 0.00271685 325 0.99883
174 2.36637e-05 0.00274052 326 0.998837
173 1.15121e-05 0.00275203 327 0.998838
172 1.5989e-05 0.00276802 328 0.998843
171 2.04659e-05 0.00278849 329 0.998849
170 1.66286e-05 0.00280511 330 0.998853
169 2.04659e-05 0.00282558 331 0.998859
168 1.79077e-05 0.00284349 332 0.998867
167 2.30242e-05 0.00286651 333 0.998874
166 2.75011e-05 0.00289401 334 0.998885
165 2.11055e-05 0.00291512 335 0.99889
164 2.23846e-05 0.0029375 336 0.998901
163 2.36637e-05 0.00296117 337 0.998901
162 2.17451e-05 0.00298291 338 0.998908
161 2.23846e-05 0.0030053 339 0.998912
160 3.1978e-05 0.00303727 340 0.99892
159 2.17451e-05 0.00305902 341 0.998924
158 2.49429e-05 0.00308396 342 0.998924
157 3.26176e-05 0.00311658 343 0.998926
156 1.66286e-05 0.00313321 344 0.998927
155 2.6222e-05 0.00315943 345 0.998927
154 3.45363e-05 0.00319397 346 0.998936
153 1.98264e-05 0.00321379 347 0.99894
152 3.58154e-05 0.00324961 348 0.998942
151 4.79671e-05 0.00329758 349 0.998944
150 3.32572e-05 0.00333083 350 0.998949
149 3.70945e-05 0.00336793 351 0.998952
148 3.06989e-05 0.00339863 352 0.998953
147 3.26176e-05 0.00343124 353 0.998954
146 2.43033e-05 0.00345555 354 0.998959
145 2.04659e-05 0.00347601 355 0.998965
144 2.43033e-05 0.00350032 356 0.998975
143 2.81407e-05 0.00352846 357 0.998977
142 2.75011e-05 0.00355596 358 0.998977
141 4.15715e-05 0.00359753 359 0.998977
140 3.51758e-05 0.00363271 360 0.998982
139 4.41297e-05 0.00367684 361 0.998989
138 2.36637e-05 0.0037005 362 0.998996
137 6.01187e-05 0.00376062 363 0.999006
136 2.55824e-05 0.0037862 364 0.999011
135 2.04659e-05 0.00380667 365 0.999015
134 4.54088e-05 0.00385207 366 0.999015
133 4.60484e-05 0.00389812 367 0.999018
132 2.6222e-05 0.00392435 368 0.999019
131 2.94198e-05 0.00395376 369 0.999022
130 4.15715e-05 0.00399534 370 0.999024
129 3.96528e-05 0.00403499 371 0.999026
128 4.86066e-05 0.0040836 372 0.999026
127 3.06989e-05 0.00411429 373 0.999026
126 3.58154e-05 0.00415011 374 0.999029
125 3.45363e-05 0.00418465 375 0.999036
124 4.98857e-05 0.00423453 376 0.999037
123 6.20374e-05 0.00429657 377 0.999039
122 3.6455e-05 0.00433302 378 0.999044
121 4.28506e-05 0.00437587 379 0.999045
120 4.60484e-05 0.00442192 380 0.999056
119 3.96528e-05 0.00446158 381 0.999062
118 4.09319e-05 0.00450251 382 0.999064
117 5.94792e-05 0.00456199 383 0.999066
116 7.03517e-05 0.00463234 384 0.999067
115 4.98857e-05 0.00468222 385 0.999082
114 4.09319e-05 0.00472316 386 0.999084
113 4.86066e-05 0.00477176 387 0.999085
112 6.20374e-05 0.0048338 388 0.999087
111 6.33165e-05 0.00489712 389 0.999087
110 3.32572e-05 0.00493037 390 0.999087
109 9.72132e-05 0.00502759 391 0.999091
108 6.90726e-05 0.00509666 392 0.999091
107 7.73869e-05 0.00517405 393 0.999092
106 8.37825e-05 0.00525783 394 0.999094
105 6.13978e-05 0.00531923 395 0.9991
104 5.94792e-05 0.00537871 396 0.999101
103 8.18638e-05 0.00546057 397 0.999103
102 7.41891e-05 0.00553476 398 0.999105
101 6.97121e-05 0.00560447 399 0.999106
100 6.90726e-05 0.00567354 400 0.99911
99 7.8666e-05 0.00575221 401 0.999111
98 5.30835e-05 0.00580529 402 0.999114
97 7.99451e-05 0.00588524 403 0.999119
96 0.000106807 0.00599205 404 0.99912
95 6.8433e-05 0.00606048 405 0.99912
94 9.72132e-05 0.00615769 406 0.99912
93 8.4422e-05 0.00624211 407 0.999121
92 6.71539e-05 0.00630927 408 0.999127
91 8.76198e-05 0.00639689 409 0.999128
90 0.00010233 0.00649922 410 0.999128
89 0.000103609 0.00660283 411 0.99913
88 7.61077e-05 0.00667893 412 0.999131
87 0.000122156 0.00680109 413 0.999134
86 0.000171402 0.00697249 414 0.999135
85 8.95385e-05 0.00706203 415 0.999136
84 0.000119598 0.00718163 416 0.999138
83 0.000109365 0.00729099 417 0.999139
82 0.000117679 0.00740867 418 0.999143
81 0.000104248 0.00751292 419 0.999143
80 0.000154134 0.00766705 420 0.999154
79 0.00013111 0.00779816 421 0.999163
78 0.000134947 0.00793311 422 0.999163
77 0.000147739 0.00808085 423 0.999165
76 0.000110644 0.00819149 424 0.999165
75 0.000181635 0.00837313 425 0.999167
74 0.000152855 0.00852599 426 0.999167
73 0.00014518 0.00867117 427 0.999169
72 0.000191868 0.00886303 428 0.999174
71 0.00013111 0.00899414 429 0.999174
70 0.000206578 0.00920072 430 0.999176
69 0.000223846 0.00942457 431 0.999183
68 0.000194426 0.00961899 432 0.999184
67 0.00018931 0.0098083 433 0.999185
66 0.00018867 0.00999697 434 0.999185
65 0.000205299 0.0102023 435 0.999187
64 0.000229602 0.0104319 436 0.999188
63 0.000193147 0.010625 437 0.999188
62 0.000216172 0.0108412 438 0.999189
61 0.000274372 0.0111156 439 0.99919
60 0.000267336 0.0113829 440 0.999198
59 0.000250068 0.011633 441 0.999201
58 0.000234079 0.0118671 442 0.999201
57 0.000240475 0.0121075 443 0.999204
56 0.000298675 0.0124062 444 0.999207
55 0.00032106 0.0127273 445 0.999207
54 0.000330013 0.0130573 446 0.999211
53 0.000295477 0.0133528 447 0.999215
52 0.000324257 0.013677 448 0.999217
51 0.000308908 0.0139859 449 0.99922
50 0.000402284 0.0143882 450 0.99922
49 0.000409958 0.0147982 451 0.999224
48 0.000418912 0.0152171 452 0.999224
47 0.000386295 0.0156034 453 0.999224
46 0.000456007 0.0160594 454 0.999226
45 0.000478391 0.0165378 455 0.999231
44 0.000488624 0.0170264 456 0.999231
43 0.000528917 0.0175553 457 0.999233
42 0.000552581 0.0181079 458 0.999234
41 0.000527638 0.0186355 459 0.999235
40 0.000576884 0.0192124 460 0.999238
39 0.000618455 0.0198309 461 0.999239
38 0.000657469 0.0204883 462 0.999241
37 0.000745088 0.0212334 463 0.999241
36 0.000762996 0.0219964 464 0.999243
35 0.000737414 0.0227338 465 0.999243
34 0.000904339 0.0236382 466 0.999243
33 0.000887071 0.0245252 467 0.999243
32 0.00104057 0.0255658 468 0.999243
31 0.00100411 0.0265699 469 0.999244
30 0.00104824 0.0276182 470 0.999246
29 0.0012561 0.0288743 471 0.999249
28 0.00131238 0.0301866 472 0.999249
27 0.00141023 0.0315969 473 0.99925
26 0.00163408 0.0332309 474 0.999252
25 0.00178629 0.0350172 475 0.999254
24 0.00198328 0.0370005 476 0.999257
23 0.00202549 0.039026 477 0.999263
22 0.00234399 0.04137 478 0.999263
21 0.00245527 0.0438253 479 0.999263
20 0.0028275 0.0466528 480 0.999265
19 0.00324002 0.0498928 481 0.999265
18 0.00353549 0.0534283 482 0.999275
17 0.00392435 0.0573526 483 0.999275
16 0.00432087 0.0616735 484 0.999275
15 0.00495851 0.066632 485 0.999279
14 0.00585518 0.0724872 486 0.999279
13 0.00718163 0.0796688 487 0.999282
12 0.0084486 0.0881174 488 0.99929
11 0.0104978 0.0986152 489 0.999292
10 0.0122904 0.110906 490 0.999293
9 0.0150444 0.12595 491 0.999295
8 0.0192815 0.145231 492 0.999295
7 0.0258191 0.171051 493 0.999297
6 0.0338635 0.204914 494 0.999297
5 0.0478628 0.252777 495 0.999301
4 0.0698279 0.322605 496 0.999301
3 0.109068 0.431673 497 0.999301
2 0.193532 0.625205 498 0.999302
1 0.374795 1 499 0.999304
0 0 1 500 1
