#lifespan, pdf, cdf (from 500), lifespan, cdf (from0)
500 0 0 0 0
499 0 0 1 0.448401
498 0 0 2 0.648892
497 0 0 3 0.754004
496 0 0 4 0.815534
495 0 0 5 0.853921
494 0 0 6 0.880278
493 0 0 7 0.898958
492 0 0 8 0.91317
491 0 0 9 0.923673
490 0 0 10 0.932196
489 0 0 11 0.939037
488 0 0 12 0.944845
487 0 0 13 0.949453
486 2.32302e-06 2.32302e-06 14 0.953619
485 0 2.32302e-06 15 0.957159
484 0 2.32302e-06 16 0.960051
483 0 2.32302e-06 17 0.96266
482 0 2.32302e-06 18 0.965066
481 0 2.32302e-06 19 0.966825
480 0 2.32302e-06 20 0.968681
479 0 2.32302e-06 21 0.970447
478 4.64604e-06 6.96906e-06 22 0.971843
477 0 6.96906e-06 23 0.97323
476 0 6.96906e-06 24 0.974472
475 0 6.96906e-06 25 0.975664
474 0 6.96906e-06 26 0.976642
473 0 6.96906e-06 27 0.97746
472 0 6.96906e-06 28 0.978252
471 0 6.96906e-06 29 0.97913
470 0 6.96906e-06 30 0.979959
469 0 6.96906e-06 31 0.980698
468 0 6.96906e-06 32 0.981395
467 0 6.96906e-06 33 0.982048
466 0 6.96906e-06 34 0.982693
465 0 6.96906e-06 35 0.983258
464 0 6.96906e-06 36 0.983836
463 0 6.96906e-06 37 0.984378
462 0 6.96906e-06 38 0.984882
461 0 6.96906e-06 39 0.985381
460 0 6.96906e-06 40 0.985769
459 0 6.96906e-06 41 0.986199
458 0 6.96906e-06 42 0.986601
457 0 6.96906e-06 43 0.986979
456 0 6.96906e-06 44 0.987379
455 0 6.96906e-06 45 0.987655
454 0 6.96906e-06 46 0.98796
453 0 6.96906e-06 47 0.988301
452 0 6.96906e-06 48 0.988594
451 0 6.96906e-06 49 0.988884
450 0 6.96906e-06 50 0.9892
449 0 6.96906e-06 51 0.989449
448 0 6.96906e-06 52 0.989737
447 0 6.96906e-06 53 0.989948
446 0 6.96906e-06 54 0.990269
445 0 6.96906e-06 55 0.990503
444 0 6.96906e-06 56 0.990701
443 0 6.96906e-06 57 0.990908
442 0 6.96906e-06 58 0.991091
441 0 6.96906e-06 59 0.991284
440 0 6.96906e-06 60 0.991458
439 0 6.96906e-06 61 0.991614
438 0 6.96906e-06 62 0.991883
437 0 6.96906e-06 63 0.992109
436 0 6.96906e-06 64 0.992243
435 0 6.96906e-06 65 0.992464
434 2.32302e-06 9.29208e-06 66 0.992597
433 0 9.29208e-06 67 0.992748
432 0 9.29208e-06 68 0.992947
431 0 9.29208e-06 69 0.993124
430 0 9.29208e-06 70 0.993266
429 0 9.29208e-06 71 0.993433
428 0 9.29208e-06 72 0.993575
427 0 9.29208e-06 73 0.993695
426 2.32302e-06 1.16151e-05 74 0.993832
425 0 1.16151e-05 75 0.993979
424 0 1.16151e-05 76 0.994155
423 0 1.16151e-05 77 0.994285
422 0 1.16151e-05 78 0.994369
421 0 1.16151e-05 79 0.99446
420 0 1.16151e-05 80 0.994555
419 0 1.16151e-05 81 0.994655
418 0 1.16151e-05 82 0.994757
417 0 1.16151e-05 83 0.994875
416 0 1.16151e-05 84 0.994961
415 0 1.16151e-05 85 0.995105
414 0 1.16151e-05 86 0.995201
413 2.32302e-06 1.39381e-05 87 0.995256
412 0 1.39381e-05 88 0.995361
411 0 1.39381e-05 89 0.995449
410 0 1.39381e-05 90 0.995554
409 0 1.39381e-05 91 0.995693
408 0 1.39381e-05 92 0.995779
407 0 1.39381e-05 93 0.995879
406 0 1.39381e-05 94 0.996016
405 0 1.39381e-05 95 0.996069
404 0 1.39381e-05 96 0.996121
403 0 1.39381e-05 97 0.996179
402 0 1.39381e-05 98 0.996281
401 4.64604e-06 1.85842e-05 99 0.996353
400 0 1.85842e-05 100 0.996446
399 0 1.85842e-05 101 0.996576
398 0 1.85842e-05 102 0.996611
397 0 1.85842e-05 103 0.996692
396 2.32302e-06 2.09072e-05 104 0.996729
395 2.32302e-06 2.32302e-05 105 0.99679
394 0 2.32302e-05 106 0.996836
393 0 2.32302e-05 107 0.996906
392 0 2.32302e-05 108 0.996961
391 0 2.32302e-05 109 0.996999
390 0 2.32302e-05 110 0.997047
389 0 2.32302e-05 111 0.997103
388 0 2.32302e-05 112 0.997229
387 0 2.32302e-05 113 0.997296
386 2.32302e-06 2.55532e-05 114 0.997356
385 0 2.55532e-05 115 0.997398
384 0 2.55532e-05 116 0.997431
383 0 2.55532e-05 117 0.99747
382 0 2.55532e-05 118 0.9975
381 0 2.55532e-05 119 0.997563
380 0 2.55532e-05 120 0.997598
379 0 2.55532e-05 121 0.997644
378 0 2.55532e-05 122 0.997689
377 0 2.55532e-05 123 0.997737
376 0 2.55532e-05 124 0.997793
375 0 2.55532e-05 125 0.997823
374 0 2.55532e-05 126 0.99786
373 0 2.55532e-05 127 0.997886
372 0 2.55532e-05 128 0.997933
371 4.64604e-06 3.01993e-05 129 0.997979
370 0 3.01993e-05 130 0.997993
369 4.64604e-06 3.48453e-05 131 0.998023
368 0 3.48453e-05 132 0.998074
367 0 3.48453e-05 133 0.998128
366 0 3.48453e-05 134 0.998151
365 0 3.48453e-05 135 0.998197
364 0 3.48453e-05 136 0.998241
363 0 3.48453e-05 137 0.998265
362 0 3.48453e-05 138 0.998318
361 0 3.48453e-05 139 0.998353
360 0 3.48453e-05 140 0.998397
359 0 3.48453e-05 141 0.99843
358 0 3.48453e-05 142 0.998448
357 2.32302e-06 3.71683e-05 143 0.998469
356 0 3.71683e-05 144 0.998509
355 0 3.71683e-05 145 0.99853
354 2.32302e-06 3.94914e-05 146 0.998571
353 0 3.94914e-05 147 0.998595
352 0 3.94914e-05 148 0.998622
351 0 3.94914e-05 149 0.998653
350 0 3.94914e-05 150 0.998667
349 0 3.94914e-05 151 0.998683
348 0 3.94914e-05 152 0.998715
347 0 3.94914e-05 153 0.998734
346 0 3.94914e-05 154 0.998764
345 0 3.94914e-05 155 0.998792
344 0 3.94914e-05 156 0.998804
343 0 3.94914e-05 157 0.998815
342 2.32302e-06 4.18144e-05 158 0.998841
341 0 4.18144e-05 159 0.998871
340 0 4.18144e-05 160 0.998885
339 0 4.18144e-05 161 0.998894
338 4.64604e-06 4.64604e-05 162 0.998901
337 0 4.64604e-05 163 0.99892
336 0 4.64604e-05 164 0.998952
335 0 4.64604e-05 165 0.998983
334 2.32302e-06 4.87834e-05 166 0.999003
333 0 4.87834e-05 167 0.999017
332 0 4.87834e-05 168 0.999034
331 0 4.87834e-05 169 0.999061
330 0 4.87834e-05 170 0.999068
329 2.32302e-06 5.11065e-05 171 0.999073
328 2.32302e-06 5.34295e-05 172 0.999096
327 0 5.34295e-05 173 0.99911
326 0 5.34295e-05 174 0.999115
325 0 5.34295e-05 175 0.999134
324 0 5.34295e-05 176 0.999159
323 0 5.34295e-05 177 0.999187
322 0 5.34295e-05 178 0.999201
321 2.32302e-06 5.57525e-05 179 0.99921
320 0 5.57525e-05 180 0.999222
319 2.32302e-06 5.80755e-05 181 0.99924
318 0 5.80755e-05 182 0.99925
317 0 5.80755e-05 183 0.999252
316 0 5.80755e-05 184 0.999261
315 2.32302e-06 6.03985e-05 185 0.999271
314 0 6.03985e-05 186 0.999294
313 0 6.03985e-05 187 0.999308
312 1.16151e-05 7.20136e-05 188 0.99931
311 2.32302e-06 7.43367e-05 189 0.999315
310 0 7.43367e-05 190 0.999331
309 6.96906e-06 8.13057e-05 191 0.999336
308 2.32302e-06 8.36287e-05 192 0.999354
307 2.32302e-06 8.59518e-05 193 0.99937
306 0 8.59518e-05 194 0.999373
305 0 8.59518e-05 195 0.999384
304 4.64604e-06 9.05978e-05 196 0.999401
303 0 9.05978e-05 197 0.999405
302 0 9.05978e-05 198 0.999436
301 2.32302e-06 9.29208e-05 199 0.999445
300 0 9.29208e-05 200 0.999445
299 4.64604e-06 9.75669e-05 201 0.999452
298 6.96906e-06 0.000104536 202 0.999456
297 2.32302e-06 0.000106859 203 0.999459
296 2.32302e-06 0.000109182 204 0.99947
295 2.32302e-06 0.000111505 205 0.99948
294 0 0.000111505 206 0.999489
293 0 0.000111505 207 0.999501
292 4.64604e-06 0.000116151 208 0.999508
291 2.32302e-06 0.000118474 209 0.999524
290 0 0.000118474 210 0.999531
289 0 0.000118474 211 0.999531
288 0 0.000118474 212 0.999538
287 2.32302e-06 0.000120797 213 0.999538
286 0 0.000120797 214 0.999547
285 2.32302e-06 0.00012312 215 0.999549
284 4.64604e-06 0.000127766 216 0.99957
283 0 0.000127766 217 0.999577
282 2.32302e-06 0.000130089 218 0.999587
281 0 0.000130089 219 0.999587
280 2.32302e-06 0.000132412 220 0.999605
279 0 0.000132412 221 0.99961
278 6.96906e-06 0.000139381 222 0.999619
277 0 0.000139381 223 0.999631
276 2.32302e-06 0.000141704 224 0.999633
275 2.32302e-06 0.000144027 225 0.999649
274 0 0.000144027 226 0.999661
273 4.64604e-06 0.000148673 227 0.999668
272 4.64604e-06 0.000153319 228 0.999672
271 0 0.000153319 229 0.999682
270 0 0.000153319 230 0.999682
269 4.64604e-06 0.000157965 231 0.999689
268 0 0.000157965 232 0.9997
267 2.32302e-06 0.000160288 233 0.99971
266 4.64604e-06 0.000164934 234 0.999719
265 4.64604e-06 0.000169581 235 0.999721
264 2.32302e-06 0.000171904 236 0.999726
263 2.32302e-06 0.000174227 237 0.999726
262 4.64604e-06 0.000178873 238 0.999728
261 9.29208e-06 0.000188165 239 0.999747
260 0 0.000188165 240 0.999751
259 2.32302e-06 0.000190488 241 0.999756
258 2.32302e-06 0.000192811 242 0.999761
257 2.32302e-06 0.000195134 243 0.999761
256 0 0.000195134 244 0.999775
255 0 0.000195134 245 0.999779
254 4.64604e-06 0.00019978 246 0.999779
253 0 0.00019978 247 0.999779
252 0 0.00019978 248 0.999779
251 9.29208e-06 0.000209072 249 0.999789
250 2.32302e-06 0.000211395 250 0.999791
249 9.29208e-06 0.000220687 251 0.9998
248 0 0.000220687 252 0.9998
247 0 0.000220687 253 0.9998
246 0 0.000220687 254 0.999805
245 4.64604e-06 0.000225333 255 0.999805
244 1.39381e-05 0.000239271 256 0.999805
243 0 0.000239271 257 0.999807
242 4.64604e-06 0.000243917 258 0.99981
241 4.64604e-06 0.000248563 259 0.999812
240 4.64604e-06 0.000253209 260 0.999812
239 1.85842e-05 0.000271793 261 0.999821
238 2.32302e-06 0.000274116 262 0.999826
237 0 0.000274116 263 0.999828
236 4.64604e-06 0.000278762 264 0.99983
235 2.32302e-06 0.000281086 265 0.999835
234 9.29208e-06 0.000290378 266 0.99984
233 9.29208e-06 0.00029967 267 0.999842
232 1.16151e-05 0.000311285 268 0.999842
231 6.96906e-06 0.000318254 269 0.999847
230 0 0.000318254 270 0.999847
229 9.29208e-06 0.000327546 271 0.999847
228 4.64604e-06 0.000332192 272 0.999851
227 6.96906e-06 0.000339161 273 0.999856
226 1.16151e-05 0.000350776 274 0.999856
225 1.62611e-05 0.000367037 275 0.999858
224 2.32302e-06 0.00036936 276 0.999861
223 1.16151e-05 0.000380975 277 0.999861
222 9.29208e-06 0.000390267 278 0.999868
221 4.64604e-06 0.000394914 279 0.999868
220 1.85842e-05 0.000413498 280 0.99987
219 0 0.000413498 281 0.99987
218 9.29208e-06 0.00042279 282 0.999872
217 6.96906e-06 0.000429759 283 0.999872
216 2.09072e-05 0.000450666 284 0.999877
215 2.32302e-06 0.000452989 285 0.999879
214 9.29208e-06 0.000462281 286 0.999879
213 0 0.000462281 287 0.999882
212 6.96906e-06 0.00046925 288 0.999882
211 0 0.00046925 289 0.999882
210 6.96906e-06 0.000476219 290 0.999882
209 1.62611e-05 0.00049248 291 0.999884
208 6.96906e-06 0.000499449 292 0.999888
207 1.16151e-05 0.000511065 293 0.999888
206 9.29208e-06 0.000520357 294 0.999888
205 9.29208e-06 0.000529649 295 0.999891
204 1.16151e-05 0.000541264 296 0.999893
203 2.32302e-06 0.000543587 297 0.999895
202 4.64604e-06 0.000548233 298 0.999902
201 6.96906e-06 0.000555202 299 0.999907
200 0 0.000555202 300 0.999907
199 9.29208e-06 0.000564494 301 0.999909
198 3.01993e-05 0.000594693 302 0.999909
197 4.64604e-06 0.000599339 303 0.999909
196 1.62611e-05 0.0006156 304 0.999914
195 1.16151e-05 0.000627216 305 0.999914
194 2.32302e-06 0.000629539 306 0.999914
193 1.62611e-05 0.0006458 307 0.999916
192 1.85842e-05 0.000664384 308 0.999919
191 4.64604e-06 0.00066903 309 0.999926
190 1.62611e-05 0.000685291 310 0.999926
189 4.64604e-06 0.000689937 311 0.999928
188 2.32302e-06 0.00069226 312 0.99994
187 1.39381e-05 0.000706198 313 0.99994
186 2.32302e-05 0.000729428 314 0.99994
185 9.29208e-06 0.000738721 315 0.999942
184 9.29208e-06 0.000748013 316 0.999942
183 2.32302e-06 0.000750336 317 0.999942
182 9.29208e-06 0.000759628 318 0.999942
181 1.85842e-05 0.000778212 319 0.999944
180 1.16151e-05 0.000789827 320 0.999944
179 9.29208e-06 0.000799119 321 0.999947
178 1.39381e-05 0.000813057 322 0.999947
177 2.78762e-05 0.000840933 323 0.999947
176 2.55532e-05 0.000866487 324 0.999947
175 1.85842e-05 0.000885071 325 0.999947
174 4.64604e-06 0.000889717 326 0.999947
173 1.39381e-05 0.000903655 327 0.999947
172 2.32302e-05 0.000926885 328 0.999949
171 4.64604e-06 0.000931531 329 0.999951
170 6.96906e-06 0.0009385 330 0.999951
169 2.78762e-05 0.000966377 331 0.999951
168 1.62611e-05 0.000982638 332 0.999951
167 1.39381e-05 0.000996576 333 0.999951
166 2.09072e-05 0.00101748 334 0.999954
165 3.01993e-05 0.00104768 335 0.999954
164 3.25223e-05 0.0010802 336 0.999954
163 1.85842e-05 0.00109879 337 0.999954
162 6.96906e-06 0.00110576 338 0.999958
161 9.29208e-06 0.00111505 339 0.999958
160 1.39381e-05 0.00112899 340 0.999958
159 3.01993e-05 0.00115919 341 0.999958
158 2.55532e-05 0.00118474 342 0.999961
157 1.16151e-05 0.00119636 343 0.999961
156 1.16151e-05 0.00120797 344 0.999961
155 2.78762e-05 0.00123585 345 0.999961
154 3.01993e-05 0.00126605 346 0.999961
153 1.85842e-05 0.00128463 347 0.999961
152 3.25223e-05 0.00131715 348 0.999961
151 1.62611e-05 0.00133341 349 0.999961
150 1.39381e-05 0.00134735 350 0.999961
149 3.01993e-05 0.00137755 351 0.999961
148 2.78762e-05 0.00140543 352 0.999961
147 2.32302e-05 0.00142866 353 0.999961
146 4.18144e-05 0.00147047 354 0.999963
145 2.09072e-05 0.00149138 355 0.999963
144 3.94914e-05 0.00153087 356 0.999963
143 2.09072e-05 0.00155178 357 0.999965
142 1.85842e-05 0.00157036 358 0.999965
141 3.25223e-05 0.00160288 359 0.999965
140 4.41374e-05 0.00164702 360 0.999965
139 3.48453e-05 0.00168187 361 0.999965
138 5.34295e-05 0.0017353 362 0.999965
137 2.32302e-05 0.00175853 363 0.999965
136 4.41374e-05 0.00180266 364 0.999965
135 4.64604e-05 0.00184912 365 0.999965
134 2.32302e-05 0.00187235 366 0.999965
133 5.34295e-05 0.00192578 367 0.999965
132 5.11065e-05 0.00197689 368 0.999965
131 3.01993e-05 0.00200709 369 0.99997
130 1.39381e-05 0.00202103 370 0.99997
129 4.64604e-05 0.00206749 371 0.999974
128 4.64604e-05 0.00211395 372 0.999974
127 2.55532e-05 0.0021395 373 0.999974
126 3.71683e-05 0.00217667 374 0.999974
125 3.01993e-05 0.00220687 375 0.999974
124 5.57525e-05 0.00226262 376 0.999974
123 4.87834e-05 0.00231141 377 0.999974
122 4.41374e-05 0.00235554 378 0.999974
121 4.64604e-05 0.002402 379 0.999974
120 3.48453e-05 0.00243685 380 0.999974
119 6.27216e-05 0.00249957 381 0.999974
118 3.01993e-05 0.00252977 382 0.999974
117 3.94914e-05 0.00256926 383 0.999974
116 3.25223e-05 0.00260178 384 0.999974
115 4.18144e-05 0.0026436 385 0.999974
114 6.03985e-05 0.002704 386 0.999977
113 6.73676e-05 0.00277136 387 0.999977
112 0.000125443 0.00289681 388 0.999977
111 5.57525e-05 0.00295256 389 0.999977
110 4.87834e-05 0.00300134 390 0.999977
109 3.71683e-05 0.00303851 391 0.999977
108 5.57525e-05 0.00309426 392 0.999977
107 6.96906e-05 0.00316395 393 0.999977
106 4.64604e-05 0.00321041 394 0.999977
105 6.03985e-05 0.00327081 395 0.999979
104 3.71683e-05 0.00330798 396 0.999981
103 8.13057e-05 0.00338929 397 0.999981
102 3.48453e-05 0.00342413 398 0.999981
101 0.000130089 0.00355422 399 0.999981
100 9.29208e-05 0.00364714 400 0.999981
99 7.20136e-05 0.00371916 401 0.999986
98 0.000102213 0.00382137 402 0.999986
97 5.80755e-05 0.00387944 403 0.999986
96 5.11065e-05 0.00393055 404 0.999986
95 5.34295e-05 0.00398398 405 0.999986
94 0.000137058 0.00412104 406 0.999986
93 9.98899e-05 0.00422093 407 0.999986
92 8.59518e-05 0.00430688 408 0.999986
91 0.000139381 0.00444626 409 0.999986
90 0.000104536 0.0045508 410 0.999986
89 8.82748e-05 0.00463907 411 0.999986
88 0.000104536 0.00474361 412 0.999986
87 5.57525e-05 0.00479936 413 0.999988
86 9.52438e-05 0.0048946 414 0.999988
85 0.000144027 0.00503863 415 0.999988
84 8.59518e-05 0.00512458 416 0.999988
83 0.000118474 0.00524306 417 0.999988
82 0.000102213 0.00534527 418 0.999988
81 9.98899e-05 0.00544516 419 0.999988
80 9.52438e-05 0.0055404 420 0.999988
79 9.05978e-05 0.005631 421 0.999988
78 8.36287e-05 0.00571463 422 0.999988
77 0.000130089 0.00584472 423 0.999988
76 0.00017655 0.00602127 424 0.999988
75 0.00014635 0.00616762 425 0.999988
74 0.000137058 0.00630468 426 0.999991
73 0.000120797 0.00642548 427 0.999991
72 0.000141704 0.00656718 428 0.999991
71 0.000167257 0.00673444 429 0.999991
70 0.000141704 0.00687614 430 0.999991
69 0.00017655 0.00705269 431 0.999991
68 0.00019978 0.00725247 432 0.999991
67 0.000150996 0.00740347 433 0.999991
66 0.000132412 0.00753588 434 0.999993
65 0.000220687 0.00775657 435 0.999993
64 0.000134735 0.0078913 436 0.999993
63 0.000225333 0.00811663 437 0.999993
62 0.00026947 0.0083861 438 0.999993
61 0.000155642 0.00854175 439 0.999993
60 0.000174227 0.00871597 440 0.999993
59 0.000192811 0.00890878 441 0.999993
58 0.000183519 0.0090923 442 0.999993
57 0.000206749 0.00929905 443 0.999993
56 0.000197457 0.00949651 444 0.999993
55 0.000234625 0.00973113 445 0.999993
54 0.000320577 0.0100517 446 0.999993
53 0.000211395 0.0102631 447 0.999993
52 0.000288055 0.0105512 448 0.999993
51 0.000248563 0.0107997 449 0.999993
50 0.000315931 0.0111157 450 0.999993
49 0.000290378 0.011406 451 0.999993
48 0.000292701 0.0116987 452 0.999993
47 0.000341484 0.0120402 453 0.999993
46 0.000304316 0.0123445 454 0.999993
45 0.000276439 0.012621 455 0.999993
44 0.00039956 0.0130205 456 0.999993
43 0.000378652 0.0133992 457 0.999993
42 0.000401883 0.0138011 458 0.999993
41 0.000429759 0.0142308 459 0.999993
40 0.000387944 0.0146188 460 0.999993
39 0.000499449 0.0151182 461 0.999993
38 0.000504095 0.0156223 462 0.999993
37 0.000541264 0.0161636 463 0.999993
36 0.000578432 0.016742 464 0.999993
35 0.000564494 0.0173065 465 0.999993
34 0.0006458 0.0179523 466 0.999993
33 0.000652769 0.0186051 467 0.999993
32 0.000696906 0.019302 468 0.999993
31 0.000738721 0.0200407 469 0.999993
30 0.000829318 0.02087 470 0.999993
29 0.000878102 0.0217481 471 0.999993
28 0.00079215 0.0225403 472 0.999993
27 0.000817703 0.023358 473 0.999993
26 0.000977992 0.024336 474 0.999993
25 0.00119171 0.0255277 475 0.999993
24 0.00124282 0.0267705 476 0.999993
23 0.00138684 0.0281573 477 0.999993
22 0.00139614 0.0295535 478 0.999998
21 0.0017655 0.031319 479 0.999998
20 0.00185609 0.0331751 480 0.999998
19 0.00175853 0.0349336 481 0.999998
18 0.00240665 0.0373402 482 0.999998
17 0.00260875 0.039949 483 0.999998
16 0.00289216 0.0428411 484 0.999998
15 0.00354028 0.0463814 485 0.999998
14 0.00416518 0.0505466 486 1
13 0.00460887 0.0551555 487 1
12 0.00580755 0.060963 488 1
11 0.0068413 0.0678043 489 1
10 0.00852316 0.0763275 490 1
9 0.0105024 0.0868299 491 1
8 0.0142122 0.101042 492 1
7 0.0186794 0.119722 493 1
6 0.026357 0.146079 494 1
5 0.0383879 0.184466 495 1
4 0.0615298 0.245996 496 1
3 0.105112 0.351108 497 1
2 0.200491 0.551599 498 1
1 0.448401 1 499 1
0 0 1 500 1
