#lifespan, pdf, cdf (from 500), lifespan, cdf (from0)
500 0.01753 0.01753 0 0
499 0 0.01753 1 10.0238
498 0 0.01753 2 15.0733
497 0 0.01753 3 17.9754
496 0 0.01753 4 19.8555
495 0 0.01753 5 21.0858
494 0 0.01753 6 21.928
493 0 0.01753 7 22.6366
492 0 0.01753 8 23.1349
491 0 0.01753 9 23.5174
490 0 0.01753 10 23.8279
489 0 0.01753 11 24.1006
488 0 0.01753 12 24.3432
487 0 0.01753 13 24.5662
486 0 0.01753 14 24.7265
485 0 0.01753 15 24.8427
484 0 0.01753 16 24.9484
483 0 0.01753 17 25.0575
482 0.00078964 0.0183196 18 25.1496
481 0 0.0183196 19 25.2293
480 0 0.0183196 20 25.3089
479 0 0.0183196 21 25.3688
478 0 0.0183196 22 25.4384
477 0.00126342 0.0195831 23 25.5071
476 0 0.0195831 24 25.5625
475 0.000631712 0.0202148 25 25.6069
474 0 0.0202148 26 25.6521
473 0 0.0202148 27 25.6849
472 0 0.0202148 28 25.7279
471 0 0.0202148 29 25.7713
470 0 0.0202148 30 25.8009
469 0 0.0202148 31 25.8351
468 0 0.0202148 32 25.8653
467 0 0.0202148 33 25.8876
466 0 0.0202148 34 25.9139
465 0 0.0202148 35 25.9322
464 0 0.0202148 36 25.9501
463 0 0.0202148 37 25.9702
462 0 0.0202148 38 25.9908
461 0 0.0202148 39 26.0128
460 0 0.0202148 40 26.0281
459 0 0.0202148 41 26.0445
458 0.000315856 0.0205306 42 26.0557
457 0 0.0205306 43 26.0709
456 0 0.0205306 44 26.0908
455 0 0.0205306 45 26.1006
454 0 0.0205306 46 26.1129
453 0 0.0205306 47 26.1257
452 0 0.0205306 48 26.1382
451 0 0.0205306 49 26.1443
450 0 0.0205306 50 26.1573
449 0.000157928 0.0206886 51 26.1668
448 0.000315856 0.0210044 52 26.175
447 0 0.0210044 53 26.1818
446 0.000157928 0.0211623 54 26.1927
445 0 0.0211623 55 26.1996
444 0 0.0211623 56 26.2051
443 0.000157928 0.0213203 57 26.211
442 0 0.0213203 58 26.2175
441 0 0.0213203 59 26.2239
440 0 0.0213203 60 26.2342
439 0 0.0213203 61 26.2377
438 0 0.0213203 62 26.2396
437 0 0.0213203 63 26.2459
436 0 0.0213203 64 26.2494
435 0 0.0213203 65 26.2562
434 0 0.0213203 66 26.2604
433 0 0.0213203 67 26.2639
432 0 0.0213203 68 26.2701
431 0 0.0213203 69 26.2759
430 0 0.0213203 70 26.2794
429 0 0.0213203 71 26.2841
428 0 0.0213203 72 26.2889
427 0 0.0213203 73 26.2909
426 0 0.0213203 74 26.2971
425 0 0.0213203 75 26.3016
424 0 0.0213203 76 26.3062
423 0 0.0213203 77 26.3097
422 0 0.0213203 78 26.3132
421 0.000157928 0.0214782 79 26.3189
420 0 0.0214782 80 26.3211
419 0 0.0214782 81 26.3228
418 0 0.0214782 82 26.3255
417 0 0.0214782 83 26.3318
416 0 0.0214782 84 26.3348
415 0 0.0214782 85 26.3377
414 0 0.0214782 86 26.3422
413 0.000473784 0.021952 87 26.3463
412 0 0.021952 88 26.3492
411 0 0.021952 89 26.352
410 0 0.021952 90 26.3536
409 0 0.021952 91 26.3571
408 0.000473784 0.0224258 92 26.3596
407 0 0.0224258 93 26.3631
406 0 0.0224258 94 26.3662
405 0 0.0224258 95 26.3703
404 0.000157928 0.0225837 96 26.3719
403 0 0.0225837 97 26.3729
402 0.000157928 0.0227416 98 26.3748
401 0 0.0227416 99 26.3765
400 0 0.0227416 100 26.3776
399 0 0.0227416 101 26.379
398 0 0.0227416 102 26.3808
397 0 0.0227416 103 26.3827
396 0 0.0227416 104 26.3855
395 0 0.0227416 105 26.3861
394 0 0.0227416 106 26.3877
393 0.000157928 0.0228996 107 26.3906
392 0 0.0228996 108 26.3925
391 0.000157928 0.0230575 109 26.3932
390 0 0.0230575 110 26.394
389 0 0.0230575 111 26.395
388 0 0.0230575 112 26.3958
387 0 0.0230575 113 26.3962
386 0 0.0230575 114 26.3962
385 0.000315856 0.0233733 115 26.3975
384 0 0.0233733 116 26.3983
383 0 0.0233733 117 26.401
382 0.000315856 0.0236892 118 26.4038
381 0 0.0236892 119 26.4048
380 0 0.0236892 120 26.4051
379 0 0.0236892 121 26.406
378 0 0.0236892 122 26.406
377 0 0.0236892 123 26.409
376 0 0.0236892 124 26.4123
375 0 0.0236892 125 26.4131
374 0 0.0236892 126 26.4142
373 0 0.0236892 127 26.4157
372 0 0.0236892 128 26.4158
371 0 0.0236892 129 26.4165
370 0 0.0236892 130 26.418
369 0.000157928 0.0238471 131 26.4196
368 0.000157928 0.0240051 132 26.421
367 0 0.0240051 133 26.422
366 0 0.0240051 134 26.4232
365 0 0.0240051 135 26.4242
364 0 0.0240051 136 26.4242
363 0 0.0240051 137 26.4247
362 0.000631712 0.0246368 138 26.4253
361 0 0.0246368 139 26.4253
360 0 0.0246368 140 26.4277
359 0 0.0246368 141 26.428
358 0 0.0246368 142 26.4288
357 0.000473784 0.0251105 143 26.4305
356 0.0011055 0.026216 144 26.431
355 0 0.026216 145 26.4321
354 0 0.026216 146 26.4327
353 0 0.026216 147 26.4338
352 0 0.026216 148 26.4341
351 0 0.026216 149 26.4348
350 0 0.026216 150 26.4364
349 0 0.026216 151 26.4373
348 0.000157928 0.026374 152 26.4379
347 0 0.026374 153 26.4405
346 0.00157928 0.0279533 154 26.4411
345 0 0.0279533 155 26.4411
344 0 0.0279533 156 26.4413
343 0 0.0279533 157 26.4428
342 0 0.0279533 158 26.4443
341 0 0.0279533 159 26.4446
340 0 0.0279533 160 26.4447
339 0.000315856 0.0282691 161 26.4447
338 0 0.0282691 162 26.4454
337 0 0.0282691 163 26.4469
336 0 0.0282691 164 26.4469
335 0 0.0282691 165 26.4476
334 0.0011055 0.0293746 166 26.4488
333 0.000157928 0.0295325 167 26.449
332 0 0.0295325 168 26.4493
331 0 0.0295325 169 26.4496
330 0 0.0295325 170 26.4499
329 0.000473784 0.0300063 171 26.4501
328 0 0.0300063 172 26.4503
327 0 0.0300063 173 26.4504
326 0 0.0300063 174 26.4506
325 0.000315856 0.0303222 175 26.451
324 0 0.0303222 176 26.4517
323 0 0.0303222 177 26.4517
322 0.000157928 0.0304801 178 26.4528
321 0.000157928 0.030638 179 26.4528
320 0 0.030638 180 26.4528
319 0.000157928 0.030796 181 26.4542
318 0 0.030796 182 26.4542
317 0.000631712 0.0314277 183 26.4548
316 0 0.0314277 184 26.455
315 0 0.0314277 185 26.4561
314 0 0.0314277 186 26.4561
313 0 0.0314277 187 26.4569
312 0 0.0314277 188 26.4572
311 0.00205306 0.0334807 189 26.4578
310 0 0.0334807 190 26.4583
309 0 0.0334807 191 26.4588
308 0 0.0334807 192 26.4589
307 0.000315856 0.0337966 193 26.4589
306 0 0.0337966 194 26.4596
305 0 0.0337966 195 26.4596
304 0 0.0337966 196 26.4607
303 0.000473784 0.0342704 197 26.4607
302 0 0.0342704 198 26.4607
301 0.000473784 0.0347442 199 26.4613
300 0 0.0347442 200 26.4613
299 0 0.0347442 201 26.4615
298 0 0.0347442 202 26.4615
297 0.000157928 0.0349021 203 26.4615
296 0.000473784 0.0353759 204 26.4637
295 0 0.0353759 205 26.4645
294 0.000157928 0.0355338 206 26.4651
293 0 0.0355338 207 26.4651
292 0 0.0355338 208 26.4651
291 0 0.0355338 209 26.4651
290 0 0.0355338 210 26.4651
289 0.000315856 0.0358497 211 26.4664
288 0 0.0358497 212 26.4675
287 0.000157928 0.0360076 213 26.4684
286 0 0.0360076 214 26.469
285 0 0.0360076 215 26.4698
284 0 0.0360076 216 26.4698
283 0 0.0360076 217 26.4706
282 0.000631712 0.0366393 218 26.4708
281 0.000157928 0.0367972 219 26.4708
280 0 0.0367972 220 26.4708
279 0.0011055 0.0379027 221 26.4713
278 0.000157928 0.0380606 222 26.4714
277 0 0.0380606 223 26.4714
276 0 0.0380606 224 26.4714
275 0 0.0380606 225 26.4714
274 0.000631712 0.0386924 226 26.4714
273 0 0.0386924 227 26.4714
272 0 0.0386924 228 26.4714
271 0 0.0386924 229 26.4717
270 0.00205306 0.0407454 230 26.4738
269 0.000157928 0.0409033 231 26.4739
268 0.000473784 0.0413771 232 26.4739
267 0 0.0413771 233 26.4739
266 0 0.0413771 234 26.4739
265 0 0.0413771 235 26.4739
264 0.000947568 0.0423247 236 26.4743
263 0.000315856 0.0426406 237 26.4743
262 0.000157928 0.0427985 238 26.4743
261 0 0.0427985 239 26.4743
260 0.000947568 0.0437461 240 26.4743
259 0.000315856 0.0440619 241 26.4743
258 0 0.0440619 242 26.4743
257 0.000947568 0.0450095 243 26.4743
256 0 0.0450095 244 26.4743
255 0.000473784 0.0454833 245 26.4744
254 0.000157928 0.0456412 246 26.4744
253 0.000315856 0.045957 247 26.4746
252 0 0.045957 248 26.475
251 0.00078964 0.0467467 249 26.475
250 0 0.0467467 250 26.475
249 0 0.0467467 251 26.4758
248 0.000473784 0.0472205 252 26.4758
247 0.000157928 0.0473784 253 26.4762
246 0 0.0473784 254 26.4763
245 0.000157928 0.0475363 255 26.4768
244 0 0.0475363 256 26.4768
243 0 0.0475363 257 26.4777
242 0 0.0475363 258 26.4777
241 0 0.0475363 259 26.478
240 0 0.0475363 260 26.479
239 0 0.0475363 261 26.479
238 0 0.0475363 262 26.4792
237 0 0.0475363 263 26.4795
236 0.000315856 0.0478522 264 26.4804
235 0 0.0478522 265 26.4804
234 0 0.0478522 266 26.4804
233 0 0.0478522 267 26.4804
232 0 0.0478522 268 26.4809
231 0.000157928 0.0480101 269 26.481
230 0.00205306 0.0500632 270 26.4831
229 0.000315856 0.050379 271 26.4831
228 0 0.050379 272 26.4831
227 0 0.050379 273 26.4831
226 0 0.050379 274 26.4837
225 0 0.050379 275 26.4837
224 0 0.050379 276 26.4837
223 0 0.050379 277 26.4837
222 0.000157928 0.050537 278 26.4839
221 0.000473784 0.0510107 279 26.485
220 0 0.0510107 280 26.485
219 0 0.0510107 281 26.4852
218 0.000157928 0.0511687 282 26.4858
217 0.00078964 0.0519583 283 26.4858
216 0 0.0519583 284 26.4858
215 0.00078964 0.0527479 285 26.4858
214 0.000631712 0.0533797 286 26.4858
213 0.000947568 0.0543272 287 26.4859
212 0.0011055 0.0554327 288 26.4859
211 0.00126342 0.0566961 289 26.4863
210 0 0.0566961 290 26.4863
209 0 0.0566961 291 26.4863
208 0 0.0566961 292 26.4863
207 0 0.0566961 293 26.4863
206 0.000631712 0.0573279 294 26.4864
205 0.00078964 0.0581175 295 26.4864
204 0.00221099 0.0603285 296 26.4869
203 0 0.0603285 297 26.487
202 0 0.0603285 298 26.487
201 0.000157928 0.0604864 299 26.487
200 0 0.0604864 300 26.487
199 0.000631712 0.0611181 301 26.4875
198 0 0.0611181 302 26.4875
197 0 0.0611181 303 26.488
196 0.0011055 0.0622236 304 26.488
195 0 0.0622236 305 26.488
194 0.000631712 0.0628553 306 26.488
193 0 0.0628553 307 26.4883
192 0.000157928 0.0630133 308 26.4883
191 0.000473784 0.063487 309 26.4883
190 0.000473784 0.0639608 310 26.4883
189 0.000631712 0.0645925 311 26.4904
188 0.000315856 0.0649084 312 26.4904
187 0.00078964 0.065698 313 26.4904
186 0 0.065698 314 26.4904
185 0.0011055 0.0668035 315 26.4904
184 0.000157928 0.0669615 316 26.4904
183 0.000631712 0.0675932 317 26.491
182 0 0.0675932 318 26.491
181 0.00142135 0.0690145 319 26.4912
180 0 0.0690145 320 26.4912
179 0 0.0690145 321 26.4913
178 0.0011055 0.07012 322 26.4915
177 0 0.07012 323 26.4915
176 0.000631712 0.0707517 324 26.4915
175 0.000473784 0.0712255 325 26.4918
174 0.000157928 0.0713834 326 26.4918
173 0.000157928 0.0715414 327 26.4918
172 0.000157928 0.0716993 328 26.4918
171 0.000157928 0.0718572 329 26.4923
170 0.000315856 0.0721731 330 26.4923
169 0.000315856 0.0724889 331 26.4923
168 0.000315856 0.0728048 332 26.4923
167 0.000157928 0.0729627 333 26.4924
166 0.00126342 0.0742262 334 26.4935
165 0.000631712 0.0748579 335 26.4935
164 0 0.0748579 336 26.4935
163 0.00157928 0.0764371 337 26.4935
162 0.000631712 0.0770689 338 26.4935
161 0 0.0770689 339 26.4938
160 0.000157928 0.0772268 340 26.4938
159 0.000315856 0.0775426 341 26.4938
158 0.00142135 0.078964 342 26.4938
157 0.00157928 0.0805433 343 26.4938
156 0.000157928 0.0807012 344 26.4938
155 0 0.0807012 345 26.4938
154 0.000631712 0.0813329 346 26.4954
153 0.00252685 0.0838598 347 26.4954
152 0.000631712 0.0844915 348 26.4956
151 0.000947568 0.085439 349 26.4956
150 0.00157928 0.0870183 350 26.4956
149 0.000631712 0.08765 351 26.4956
148 0.000315856 0.0879659 352 26.4956
147 0.0011055 0.0890714 353 26.4956
146 0.000631712 0.0897031 354 26.4956
145 0.0011055 0.0908086 355 26.4956
144 0.000473784 0.0912824 356 26.4967
143 0.00173721 0.0930196 357 26.4972
142 0.00078964 0.0938092 358 26.4972
141 0.000315856 0.0941251 359 26.4972
140 0.00236892 0.096494 360 26.4972
139 0 0.096494 361 26.4972
138 0.000631712 0.0971257 362 26.4978
137 0.000473784 0.0975995 363 26.4978
136 0 0.0975995 364 26.4978
135 0.000947568 0.0985471 365 26.4978
134 0.00126342 0.0998105 366 26.4978
133 0.000947568 0.100758 367 26.4978
132 0.00142135 0.102179 368 26.4979
131 0.00157928 0.103759 369 26.4981
130 0.00157928 0.105338 370 26.4981
129 0.000631712 0.10597 371 26.4981
128 0.000157928 0.106128 372 26.4981
127 0.00142135 0.107549 373 26.4981
126 0.0011055 0.108654 374 26.4981
125 0.00078964 0.109444 375 26.4981
124 0.00331649 0.112761 376 26.4981
123 0.00300063 0.115761 377 26.4981
122 0 0.115761 378 26.4981
121 0.000947568 0.116709 379 26.4981
120 0.000315856 0.117025 380 26.4981
119 0.000947568 0.117972 381 26.4981
118 0.0028427 0.120815 382 26.4984
117 0.00268478 0.1235 383 26.4984
116 0.00078964 0.124289 384 26.4984
115 0.00126342 0.125553 385 26.4987
114 0 0.125553 386 26.4987
113 0.000473784 0.126027 387 26.4987
112 0.00078964 0.126816 388 26.4987
111 0.000947568 0.127764 389 26.4987
110 0.00078964 0.128553 390 26.4987
109 0.00078964 0.129343 391 26.4989
108 0.00189514 0.131238 392 26.4989
107 0.0028427 0.134081 393 26.4991
106 0.00157928 0.13566 394 26.4991
105 0.000631712 0.136292 395 26.4991
104 0.0028427 0.139135 396 26.4991
103 0.00189514 0.14103 397 26.4991
102 0.00173721 0.142767 398 26.4991
101 0.00142135 0.144188 399 26.4991
100 0.0011055 0.145294 400 26.4991
99 0.00173721 0.147031 401 26.4991
98 0.00189514 0.148926 402 26.4992
97 0.000947568 0.149874 403 26.4992
96 0.00157928 0.151453 404 26.4994
95 0.00410613 0.155559 405 26.4994
94 0.00315856 0.158718 406 26.4994
93 0.00347442 0.162192 407 26.4994
92 0.00252685 0.164719 408 26.4998
91 0.00347442 0.168193 409 26.4998
90 0.00157928 0.169773 410 26.4998
89 0.0028427 0.172615 411 26.4998
88 0.0028427 0.175458 412 26.4998
87 0.00410613 0.179564 413 26.5003
86 0.00457991 0.184144 414 26.5003
85 0.0028427 0.186987 415 26.5003
84 0.00300063 0.189987 416 26.5003
83 0.00631712 0.196304 417 26.5003
82 0.00268478 0.198989 418 26.5003
81 0.00173721 0.200726 419 26.5003
80 0.00221099 0.202937 420 26.5003
79 0.00568541 0.208623 421 26.5005
78 0.00347442 0.212097 422 26.5005
77 0.00347442 0.215572 423 26.5005
76 0.00457991 0.220152 424 26.5005
75 0.00457991 0.224732 425 26.5005
74 0.00615919 0.230891 426 26.5005
73 0.00205306 0.232944 427 26.5005
72 0.00473784 0.237682 428 26.5005
71 0.00473784 0.242419 429 26.5005
70 0.00347442 0.245894 430 26.5005
69 0.00584334 0.251737 431 26.5005
68 0.00615919 0.257896 432 26.5005
67 0.00347442 0.261371 433 26.5005
66 0.00426406 0.265635 434 26.5005
65 0.0067909 0.272426 435 26.5005
64 0.00347442 0.2759 436 26.5005
63 0.00631712 0.282217 437 26.5005
62 0.00189514 0.284112 438 26.5005
61 0.00347442 0.287587 439 26.5005
60 0.0102653 0.297852 440 26.5005
59 0.00647505 0.304327 441 26.5005
58 0.00647505 0.310802 442 26.5005
57 0.00584334 0.316646 443 26.5006
56 0.00552748 0.322173 444 26.5006
55 0.00694883 0.329122 445 26.5006
54 0.010897 0.340019 446 26.5008
53 0.0067909 0.34681 447 26.5008
52 0.00821226 0.355022 448 26.5011
51 0.00947568 0.364498 449 26.5013
50 0.0129501 0.377448 450 26.5013
49 0.00615919 0.383607 451 26.5013
48 0.0124763 0.396083 452 26.5013
47 0.0127922 0.408876 453 26.5013
46 0.0123184 0.421194 454 26.5013
45 0.00979154 0.430985 455 26.5013
44 0.0198989 0.450884 456 26.5013
43 0.0151611 0.466045 457 26.5013
42 0.0112129 0.477258 458 26.5016
41 0.0164245 0.493683 459 26.5016
40 0.015319 0.509002 460 26.5016
39 0.021952 0.530954 461 26.5016
38 0.0206886 0.551642 462 26.5016
37 0.0200569 0.571699 463 26.5016
36 0.0178459 0.589545 464 26.5016
35 0.0183196 0.607865 465 26.5016
34 0.026374 0.634239 466 26.5016
33 0.0222678 0.656507 467 26.5016
32 0.0301642 0.686671 468 26.5016
31 0.0342704 0.720941 469 26.5016
30 0.0295325 0.750474 470 26.5016
29 0.0434302 0.793904 471 26.5016
28 0.0429564 0.83686 472 26.5016
27 0.032849 0.869709 473 26.5016
26 0.0451674 0.914877 474 26.5016
25 0.0443778 0.959255 475 26.5022
24 0.0554327 1.01469 476 26.5022
23 0.0686987 1.08339 477 26.5035
22 0.0696462 1.15303 478 26.5035
21 0.0598547 1.21289 479 26.5035
20 0.0795957 1.29248 480 26.5035
19 0.0797536 1.37224 481 26.5035
18 0.092072 1.46431 482 26.5043
17 0.109128 1.57344 483 26.5043
16 0.105654 1.67909 484 26.5043
15 0.116235 1.79533 485 26.5043
14 0.160297 1.95562 486 26.5043
13 0.222994 2.17862 487 26.5043
12 0.242577 2.42119 488 26.5043
11 0.272742 2.69394 489 26.5043
10 0.310486 3.00442 490 26.5043
9 0.382502 3.38692 491 26.5043
8 0.498263 3.88519 492 26.5043
7 0.708623 4.59381 493 26.5043
6 0.84223 5.43604 494 26.5043
5 1.23026 6.6663 495 26.5043
4 1.88013 8.54643 496 26.5043
3 2.90208 11.4485 497 26.5043
2 5.04943 16.4979 498 26.5043
1 10.0238 26.5218 499 26.5043
0 0 26.5218 500 26.5218
