#lifespan, pdf, cdf (from 500), lifespan, cdf (from0)
500 0.000315856 0.000315856 0 0
499 0 0.000315856 1 0.389924
498 0 0.000315856 2 0.577069
497 0 0.000315856 3 0.694567
496 0 0.000315856 4 0.763108
495 0 0.000315856 5 0.810328
494 0 0.000315856 6 0.839545
493 0 0.000315856 7 0.867025
492 0 0.000315856 8 0.887081
491 0 0.000315856 9 0.900032
490 0 0.000315856 10 0.909665
489 0 0.000315856 11 0.919457
488 0 0.000315856 12 0.928301
487 0 0.000315856 13 0.933512
486 0 0.000315856 14 0.940303
485 0 0.000315856 15 0.94362
484 0 0.000315856 16 0.945673
483 0 0.000315856 17 0.949305
482 0 0.000315856 18 0.954201
481 0 0.000315856 19 0.956096
480 0 0.000315856 20 0.960992
479 0 0.000315856 21 0.962887
478 0 0.000315856 22 0.966835
477 0 0.000315856 23 0.968099
476 0 0.000315856 24 0.969362
475 0.000157928 0.000473784 25 0.969836
474 0 0.000473784 26 0.971731
473 0 0.000473784 27 0.972678
472 0 0.000473784 28 0.975205
471 0 0.000473784 29 0.976627
470 0 0.000473784 30 0.977732
469 0 0.000473784 31 0.979311
468 0 0.000473784 32 0.979627
467 0 0.000473784 33 0.980417
466 0 0.000473784 34 0.980891
465 0 0.000473784 35 0.981522
464 0 0.000473784 36 0.981996
463 0 0.000473784 37 0.98247
462 0 0.000473784 38 0.982786
461 0 0.000473784 39 0.984207
460 0 0.000473784 40 0.984523
459 0 0.000473784 41 0.985155
458 0 0.000473784 42 0.985786
457 0 0.000473784 43 0.986102
456 0 0.000473784 44 0.986418
455 0 0.000473784 45 0.986418
454 0 0.000473784 46 0.986892
453 0 0.000473784 47 0.987682
452 0 0.000473784 48 0.98784
451 0 0.000473784 49 0.988155
450 0 0.000473784 50 0.988945
449 0 0.000473784 51 0.989261
448 0 0.000473784 52 0.989735
447 0 0.000473784 53 0.989893
446 0 0.000473784 54 0.990366
445 0 0.000473784 55 0.99084
444 0 0.000473784 56 0.99084
443 0 0.000473784 57 0.99084
442 0 0.000473784 58 0.991314
441 0 0.000473784 59 0.991788
440 0 0.000473784 60 0.992104
439 0 0.000473784 61 0.992262
438 0 0.000473784 62 0.992419
437 0 0.000473784 63 0.992419
436 0 0.000473784 64 0.992419
435 0 0.000473784 65 0.992577
434 0 0.000473784 66 0.992735
433 0 0.000473784 67 0.993051
432 0 0.000473784 68 0.993209
431 0 0.000473784 69 0.993367
430 0 0.000473784 70 0.993367
429 0 0.000473784 71 0.993367
428 0 0.000473784 72 0.993999
427 0 0.000473784 73 0.994315
426 0 0.000473784 74 0.99463
425 0 0.000473784 75 0.99463
424 0 0.000473784 76 0.99463
423 0 0.000473784 77 0.99463
422 0 0.000473784 78 0.994788
421 0 0.000473784 79 0.994946
420 0 0.000473784 80 0.994946
419 0 0.000473784 81 0.995104
418 0 0.000473784 82 0.995104
417 0 0.000473784 83 0.99542
416 0 0.000473784 84 0.995578
415 0 0.000473784 85 0.995578
414 0 0.000473784 86 0.995736
413 0 0.000473784 87 0.995894
412 0 0.000473784 88 0.995894
411 0 0.000473784 89 0.995894
410 0 0.000473784 90 0.995894
409 0 0.000473784 91 0.99621
408 0.000157928 0.000631712 92 0.996368
407 0 0.000631712 93 0.996368
406 0 0.000631712 94 0.996368
405 0 0.000631712 95 0.996368
404 0 0.000631712 96 0.996368
403 0 0.000631712 97 0.996526
402 0 0.000631712 98 0.996526
401 0 0.000631712 99 0.996526
400 0 0.000631712 100 0.996526
399 0 0.000631712 101 0.996526
398 0 0.000631712 102 0.996526
397 0 0.000631712 103 0.996526
396 0 0.000631712 104 0.996526
395 0 0.000631712 105 0.996684
394 0 0.000631712 106 0.996684
393 0 0.000631712 107 0.996684
392 0 0.000631712 108 0.996684
391 0 0.000631712 109 0.996684
390 0 0.000631712 110 0.996684
389 0 0.000631712 111 0.996684
388 0 0.000631712 112 0.996684
387 0 0.000631712 113 0.996684
386 0 0.000631712 114 0.996684
385 0 0.000631712 115 0.996684
384 0 0.000631712 116 0.996684
383 0.000157928 0.00078964 117 0.997157
382 0 0.00078964 118 0.997631
381 0 0.00078964 119 0.997631
380 0 0.00078964 120 0.997631
379 0 0.00078964 121 0.997631
378 0 0.00078964 122 0.997631
377 0 0.00078964 123 0.997631
376 0 0.00078964 124 0.997631
375 0 0.00078964 125 0.997631
374 0 0.00078964 126 0.997631
373 0 0.00078964 127 0.997631
372 0 0.00078964 128 0.997631
371 0 0.00078964 129 0.997631
370 0 0.00078964 130 0.997631
369 0 0.00078964 131 0.997631
368 0 0.00078964 132 0.997631
367 0 0.00078964 133 0.997789
366 0 0.00078964 134 0.997789
365 0 0.00078964 135 0.997789
364 0 0.00078964 136 0.997789
363 0 0.00078964 137 0.997947
362 0 0.00078964 138 0.997947
361 0 0.00078964 139 0.997947
360 0 0.00078964 140 0.997947
359 0 0.00078964 141 0.997947
358 0 0.00078964 142 0.997947
357 0 0.00078964 143 0.997947
356 0 0.00078964 144 0.997947
355 0 0.00078964 145 0.997947
354 0 0.00078964 146 0.997947
353 0 0.00078964 147 0.997947
352 0 0.00078964 148 0.997947
351 0 0.00078964 149 0.997947
350 0 0.00078964 150 0.998105
349 0 0.00078964 151 0.998263
348 0 0.00078964 152 0.998263
347 0 0.00078964 153 0.998421
346 0 0.00078964 154 0.998421
345 0 0.00078964 155 0.998421
344 0 0.00078964 156 0.998421
343 0 0.00078964 157 0.998737
342 0 0.00078964 158 0.998737
341 0 0.00078964 159 0.998737
340 0 0.00078964 160 0.998737
339 0 0.00078964 161 0.998737
338 0 0.00078964 162 0.998737
337 0 0.00078964 163 0.998737
336 0 0.00078964 164 0.998737
335 0 0.00078964 165 0.998737
334 0 0.00078964 166 0.998737
333 0 0.00078964 167 0.998737
332 0 0.00078964 168 0.998737
331 0 0.00078964 169 0.998737
330 0 0.00078964 170 0.998737
329 0 0.00078964 171 0.998737
328 0 0.00078964 172 0.998737
327 0 0.00078964 173 0.998737
326 0.000157928 0.000947568 174 0.998737
325 0.000157928 0.0011055 175 0.998737
324 0 0.0011055 176 0.998737
323 0 0.0011055 177 0.998737
322 0 0.0011055 178 0.998737
321 0 0.0011055 179 0.998737
320 0 0.0011055 180 0.998737
319 0.000157928 0.00126342 181 0.998737
318 0 0.00126342 182 0.998737
317 0 0.00126342 183 0.998737
316 0 0.00126342 184 0.998737
315 0 0.00126342 185 0.998737
314 0 0.00126342 186 0.998737
313 0 0.00126342 187 0.998737
312 0 0.00126342 188 0.998737
311 0 0.00126342 189 0.998737
310 0 0.00126342 190 0.998737
309 0 0.00126342 191 0.998737
308 0 0.00126342 192 0.998737
307 0 0.00126342 193 0.998737
306 0 0.00126342 194 0.998737
305 0 0.00126342 195 0.998737
304 0 0.00126342 196 0.998737
303 0 0.00126342 197 0.998737
302 0 0.00126342 198 0.998737
301 0 0.00126342 199 0.998737
300 0 0.00126342 200 0.998737
299 0 0.00126342 201 0.998737
298 0 0.00126342 202 0.998737
297 0 0.00126342 203 0.998737
296 0 0.00126342 204 0.998737
295 0 0.00126342 205 0.998737
294 0 0.00126342 206 0.998737
293 0 0.00126342 207 0.998737
292 0 0.00126342 208 0.998737
291 0 0.00126342 209 0.998737
290 0 0.00126342 210 0.998737
289 0 0.00126342 211 0.998737
288 0 0.00126342 212 0.998737
287 0 0.00126342 213 0.998737
286 0 0.00126342 214 0.998737
285 0 0.00126342 215 0.998737
284 0 0.00126342 216 0.998737
283 0 0.00126342 217 0.998737
282 0 0.00126342 218 0.998737
281 0 0.00126342 219 0.998737
280 0 0.00126342 220 0.998737
279 0 0.00126342 221 0.998737
278 0 0.00126342 222 0.998737
277 0 0.00126342 223 0.998737
276 0 0.00126342 224 0.998737
275 0 0.00126342 225 0.998737
274 0 0.00126342 226 0.998737
273 0 0.00126342 227 0.998737
272 0 0.00126342 228 0.998737
271 0 0.00126342 229 0.998737
270 0 0.00126342 230 0.998737
269 0 0.00126342 231 0.998737
268 0 0.00126342 232 0.998737
267 0 0.00126342 233 0.998737
266 0 0.00126342 234 0.998737
265 0 0.00126342 235 0.998737
264 0 0.00126342 236 0.998737
263 0 0.00126342 237 0.998737
262 0 0.00126342 238 0.998737
261 0 0.00126342 239 0.998737
260 0 0.00126342 240 0.998737
259 0 0.00126342 241 0.998737
258 0 0.00126342 242 0.998737
257 0 0.00126342 243 0.998737
256 0 0.00126342 244 0.998737
255 0 0.00126342 245 0.998737
254 0 0.00126342 246 0.998737
253 0 0.00126342 247 0.998737
252 0 0.00126342 248 0.998737
251 0 0.00126342 249 0.998737
250 0 0.00126342 250 0.998737
249 0 0.00126342 251 0.998737
248 0 0.00126342 252 0.998737
247 0 0.00126342 253 0.998737
246 0 0.00126342 254 0.998737
245 0 0.00126342 255 0.998737
244 0 0.00126342 256 0.998737
243 0 0.00126342 257 0.998737
242 0 0.00126342 258 0.998737
241 0 0.00126342 259 0.998737
240 0 0.00126342 260 0.998737
239 0 0.00126342 261 0.998737
238 0 0.00126342 262 0.998737
237 0 0.00126342 263 0.998737
236 0 0.00126342 264 0.998737
235 0 0.00126342 265 0.998737
234 0 0.00126342 266 0.998737
233 0 0.00126342 267 0.998737
232 0 0.00126342 268 0.998737
231 0 0.00126342 269 0.998737
230 0 0.00126342 270 0.998737
229 0 0.00126342 271 0.998737
228 0 0.00126342 272 0.998737
227 0 0.00126342 273 0.998737
226 0 0.00126342 274 0.998737
225 0 0.00126342 275 0.998737
224 0 0.00126342 276 0.998737
223 0 0.00126342 277 0.998737
222 0 0.00126342 278 0.998737
221 0 0.00126342 279 0.998737
220 0 0.00126342 280 0.998737
219 0 0.00126342 281 0.998737
218 0 0.00126342 282 0.998737
217 0 0.00126342 283 0.998737
216 0 0.00126342 284 0.998737
215 0 0.00126342 285 0.998737
214 0 0.00126342 286 0.998737
213 0 0.00126342 287 0.998737
212 0 0.00126342 288 0.998737
211 0 0.00126342 289 0.998737
210 0 0.00126342 290 0.998737
209 0 0.00126342 291 0.998737
208 0 0.00126342 292 0.998737
207 0 0.00126342 293 0.998737
206 0 0.00126342 294 0.998737
205 0 0.00126342 295 0.998737
204 0 0.00126342 296 0.998737
203 0 0.00126342 297 0.998737
202 0 0.00126342 298 0.998737
201 0 0.00126342 299 0.998737
200 0 0.00126342 300 0.998737
199 0 0.00126342 301 0.998737
198 0 0.00126342 302 0.998737
197 0 0.00126342 303 0.998737
196 0 0.00126342 304 0.998737
195 0 0.00126342 305 0.998737
194 0 0.00126342 306 0.998737
193 0 0.00126342 307 0.998737
192 0 0.00126342 308 0.998737
191 0 0.00126342 309 0.998737
190 0 0.00126342 310 0.998737
189 0 0.00126342 311 0.998737
188 0 0.00126342 312 0.998737
187 0 0.00126342 313 0.998737
186 0 0.00126342 314 0.998737
185 0 0.00126342 315 0.998737
184 0 0.00126342 316 0.998737
183 0 0.00126342 317 0.998737
182 0 0.00126342 318 0.998737
181 0 0.00126342 319 0.998895
180 0 0.00126342 320 0.998895
179 0 0.00126342 321 0.998895
178 0 0.00126342 322 0.998895
177 0 0.00126342 323 0.998895
176 0 0.00126342 324 0.998895
175 0 0.00126342 325 0.999052
174 0 0.00126342 326 0.99921
173 0 0.00126342 327 0.99921
172 0 0.00126342 328 0.99921
171 0 0.00126342 329 0.99921
170 0 0.00126342 330 0.99921
169 0 0.00126342 331 0.99921
168 0 0.00126342 332 0.99921
167 0 0.00126342 333 0.99921
166 0 0.00126342 334 0.99921
165 0 0.00126342 335 0.99921
164 0 0.00126342 336 0.99921
163 0 0.00126342 337 0.99921
162 0 0.00126342 338 0.99921
161 0 0.00126342 339 0.99921
160 0 0.00126342 340 0.99921
159 0 0.00126342 341 0.99921
158 0 0.00126342 342 0.99921
157 0.000315856 0.00157928 343 0.99921
156 0 0.00157928 344 0.99921
155 0 0.00157928 345 0.99921
154 0 0.00157928 346 0.99921
153 0.000157928 0.00173721 347 0.99921
152 0 0.00173721 348 0.99921
151 0.000157928 0.00189514 349 0.99921
150 0.000157928 0.00205306 350 0.99921
149 0 0.00205306 351 0.99921
148 0 0.00205306 352 0.99921
147 0 0.00205306 353 0.99921
146 0 0.00205306 354 0.99921
145 0 0.00205306 355 0.99921
144 0 0.00205306 356 0.99921
143 0 0.00205306 357 0.99921
142 0 0.00205306 358 0.99921
141 0 0.00205306 359 0.99921
140 0 0.00205306 360 0.99921
139 0 0.00205306 361 0.99921
138 0 0.00205306 362 0.99921
137 0.000157928 0.00221099 363 0.99921
136 0 0.00221099 364 0.99921
135 0 0.00221099 365 0.99921
134 0 0.00221099 366 0.99921
133 0.000157928 0.00236892 367 0.99921
132 0 0.00236892 368 0.99921
131 0 0.00236892 369 0.99921
130 0 0.00236892 370 0.99921
129 0 0.00236892 371 0.99921
128 0 0.00236892 372 0.99921
127 0 0.00236892 373 0.99921
126 0 0.00236892 374 0.99921
125 0 0.00236892 375 0.99921
124 0 0.00236892 376 0.99921
123 0 0.00236892 377 0.99921
122 0 0.00236892 378 0.99921
121 0 0.00236892 379 0.99921
120 0 0.00236892 380 0.99921
119 0 0.00236892 381 0.99921
118 0.000473784 0.0028427 382 0.99921
117 0.000473784 0.00331649 383 0.999368
116 0 0.00331649 384 0.999368
115 0 0.00331649 385 0.999368
114 0 0.00331649 386 0.999368
113 0 0.00331649 387 0.999368
112 0 0.00331649 388 0.999368
111 0 0.00331649 389 0.999368
110 0 0.00331649 390 0.999368
109 0 0.00331649 391 0.999368
108 0 0.00331649 392 0.999368
107 0 0.00331649 393 0.999368
106 0 0.00331649 394 0.999368
105 0.000157928 0.00347442 395 0.999368
104 0 0.00347442 396 0.999368
103 0 0.00347442 397 0.999368
102 0 0.00347442 398 0.999368
101 0 0.00347442 399 0.999368
100 0 0.00347442 400 0.999368
99 0 0.00347442 401 0.999368
98 0 0.00347442 402 0.999368
97 0.000157928 0.00363234 403 0.999368
96 0 0.00363234 404 0.999368
95 0 0.00363234 405 0.999368
94 0 0.00363234 406 0.999368
93 0 0.00363234 407 0.999368
92 0.000157928 0.00379027 408 0.999526
91 0.000315856 0.00410613 409 0.999526
90 0 0.00410613 410 0.999526
89 0 0.00410613 411 0.999526
88 0 0.00410613 412 0.999526
87 0.000157928 0.00426406 413 0.999526
86 0.000157928 0.00442198 414 0.999526
85 0 0.00442198 415 0.999526
84 0.000157928 0.00457991 416 0.999526
83 0.000315856 0.00489577 417 0.999526
82 0 0.00489577 418 0.999526
81 0.000157928 0.0050537 419 0.999526
80 0 0.0050537 420 0.999526
79 0.000157928 0.00521162 421 0.999526
78 0.000157928 0.00536955 422 0.999526
77 0 0.00536955 423 0.999526
76 0 0.00536955 424 0.999526
75 0 0.00536955 425 0.999526
74 0.000315856 0.00568541 426 0.999526
73 0.000315856 0.00600126 427 0.999526
72 0.000631712 0.00663298 428 0.999526
71 0 0.00663298 429 0.999526
70 0 0.00663298 430 0.999526
69 0.000157928 0.0067909 431 0.999526
68 0.000157928 0.00694883 432 0.999526
67 0.000315856 0.00726469 433 0.999526
66 0.000157928 0.00742262 434 0.999526
65 0.000157928 0.00758054 435 0.999526
64 0 0.00758054 436 0.999526
63 0 0.00758054 437 0.999526
62 0.000157928 0.00773847 438 0.999526
61 0.000157928 0.0078964 439 0.999526
60 0.000315856 0.00821226 440 0.999526
59 0.000473784 0.00868604 441 0.999526
58 0.000473784 0.00915982 442 0.999526
57 0 0.00915982 443 0.999526
56 0 0.00915982 444 0.999526
55 0.000473784 0.00963361 445 0.999526
54 0.000473784 0.0101074 446 0.999526
53 0.000157928 0.0102653 447 0.999526
52 0.000473784 0.0107391 448 0.999526
51 0.000315856 0.011055 449 0.999526
50 0.00078964 0.0118446 450 0.999526
49 0.000315856 0.0121605 451 0.999526
48 0.000157928 0.0123184 452 0.999526
47 0.00078964 0.013108 453 0.999526
46 0.000473784 0.0135818 454 0.999526
45 0 0.0135818 455 0.999526
44 0.000315856 0.0138977 456 0.999526
43 0.000315856 0.0142135 457 0.999526
42 0.000631712 0.0148452 458 0.999526
41 0.000631712 0.0154769 459 0.999526
40 0.000315856 0.0157928 460 0.999526
39 0.00142135 0.0172142 461 0.999526
38 0.000315856 0.01753 462 0.999526
37 0.000473784 0.0180038 463 0.999526
36 0.000473784 0.0184776 464 0.999526
35 0.000631712 0.0191093 465 0.999526
34 0.000473784 0.0195831 466 0.999526
33 0.00078964 0.0203727 467 0.999526
32 0.000315856 0.0206886 468 0.999526
31 0.00157928 0.0222678 469 0.999526
30 0.0011055 0.0233733 470 0.999526
29 0.00142135 0.0247947 471 0.999526
28 0.00252685 0.0273215 472 0.999526
27 0.000947568 0.0282691 473 0.999526
26 0.00189514 0.0301642 474 0.999526
25 0.000473784 0.030638 475 0.999684
24 0.00126342 0.0319015 476 0.999684
23 0.00126342 0.0331649 477 0.999684
22 0.0039482 0.0371131 478 0.999684
21 0.00189514 0.0390082 479 0.999684
20 0.00489577 0.043904 480 0.999684
19 0.00189514 0.0457991 481 0.999684
18 0.00489577 0.0506949 482 0.999684
17 0.00363234 0.0543272 483 0.999684
16 0.00205306 0.0563803 484 0.999684
15 0.00331649 0.0596968 485 0.999684
14 0.0067909 0.0664877 486 0.999684
13 0.00521162 0.0716993 487 0.999684
12 0.00884397 0.0805433 488 0.999684
11 0.00979154 0.0903348 489 0.999684
10 0.00963361 0.0999684 490 0.999684
9 0.0129501 0.112919 491 0.999684
8 0.0200569 0.132975 492 0.999684
7 0.0274795 0.160455 493 0.999684
6 0.0292167 0.189672 494 0.999684
5 0.0472205 0.236892 495 0.999684
4 0.0685407 0.305433 496 0.999684
3 0.117498 0.422931 497 0.999684
2 0.187145 0.610076 498 0.999684
1 0.389924 1 499 0.999684
0 0 1 500 1
