#K_all std K_sur std n_all std n_sur std
0 503.258 1.38336 503.229 1.393 1 0 1 0 
1 538.883 12.3735 539.882 12.4666 1.07792 0.0124708 1.0786 0.012575 
2 571.788 16.269 572.751 16.3987 1.13636 0.0159659 1.13755 0.0160942 
3 619.405 20.5128 621.057 20.671 1.18615 0.0186187 1.18777 0.0187635 
4 691.03 29.8322 693.094 30.0716 1.2381 0.0205125 1.24017 0.0206653 
5 743.117 34.5145 745.655 34.7901 1.29004 0.0234261 1.29258 0.0235964 
6 805.723 42.2177 808.443 42.5607 1.34416 0.0258184 1.34498 0.0259718 
7 895.078 59.5713 898.456 60.063 1.35931 0.0252751 1.36026 0.0254211 
8 1006.8 73.917 1011.46 74.5233 1.38312 0.026081 1.38428 0.0262342 
9 1039.85 75.1515 1044.5 75.7693 1.43074 0.0262685 1.43231 0.0264185 
10 1129.5 81.2567 1135.2 81.9147 1.45022 0.0268917 1.45197 0.0270463 
11 1162.4 82.7777 1168.26 83.447 1.49784 0.0278454 1.5 0.0280038 
12 1256.6 95.5305 1263.37 96.3036 1.50216 0.0283457 1.50437 0.0285092 
13 1311.74 101.856 1319.28 102.673 1.5368 0.0292708 1.53712 0.0294452 
14 1393.81 109.774 1401.95 110.655 1.57792 0.0289344 1.57642 0.0289518 
15 1489.21 119.664 1498.13 120.624 1.59307 0.0296385 1.5917 0.0296693 
16 1596.21 134.616 1606.03 135.7 1.6342 0.0310045 1.631 0.0310811 
17 1727.22 169.977 1738.8 171.362 1.68182 0.0318283 1.68341 0.032022 
18 1800.9 180.999 1813.21 182.475 1.7316 0.0331613 1.73362 0.0333641 
19 1920.96 209.372 1934.68 211.088 1.77273 0.0336116 1.77511 0.0338136 
20 1991.53 215.953 2005.93 217.718 1.77706 0.034499 1.77948 0.0347105 
21 2070.31 222.468 2085.28 224.284 1.81818 0.0354825 1.81878 0.0357411 
22 2155.88 237.382 2171.62 239.324 1.8355 0.0360569 1.83624 0.0363206 
23 2254.1 244.033 2270.91 246.019 1.86364 0.036116 1.86463 0.0363789 
24 2355.5 250.225 2372.89 252.258 1.91991 0.0360919 1.9214 0.0363503 
25 2455.47 253.616 2473.77 255.665 1.94156 0.0373289 1.94541 0.0375416 
26 2613.54 267.597 2633.53 269.747 1.93723 0.0376884 1.94105 0.0379064 
27 2683.68 274.831 2704.13 277.04 1.97186 0.0379025 1.97598 0.038115 
28 2799.69 288.347 2821.62 290.656 2.02597 0.0388218 2.02838 0.0390964 
29 2885.63 295.251 2908.15 297.614 2.0368 0.0396981 2.0393 0.0399803 
30 2963.99 297.082 2987.21 299.449 2.01948 0.04031 2.02183 0.0406009 
31 3126.49 321.199 3151.41 323.763 2.06494 0.0408427 2.06769 0.0411328 
32 3242.74 344.144 3268.34 346.911 2.07576 0.0403985 2.0786 0.0406823 
33 3378.92 353.658 3405.79 356.491 2.1342 0.041617 2.13755 0.041904 
34 3515.63 369.706 3543.52 372.671 2.12121 0.0423719 2.12445 0.042669 
35 3676.53 392.429 3706 395.579 2.15368 0.0423097 2.15721 0.0426006 
36 3806.97 416.266 3837.53 419.621 2.18398 0.0433637 2.18777 0.04366 
37 3917.82 425.706 3949.48 429.129 2.22511 0.0442845 2.22926 0.0445826 
38 4120.96 440.742 4154.38 444.274 2.19481 0.0433153 2.19869 0.0436091 
39 4413.52 468.392 4449.65 472.134 2.19913 0.0442364 2.20306 0.0445391 
40 4736.29 516.258 4774.88 520.405 2.22727 0.0433515 2.23144 0.043639 
41 5132.18 578.464 5174.08 583.137 2.25325 0.0446418 2.25764 0.0449378 
42 5414.55 648.743 5458.91 654.03 2.30303 0.0447574 2.30786 0.0450434 
43 5669.42 691.781 5716.24 697.426 2.31385 0.0449618 2.31878 0.0452476 
44 5860.32 707.079 5908.8 712.839 2.33333 0.04595 2.33843 0.046242 
45 6366.4 792.552 6419.25 799.033 2.35931 0.045832 2.36463 0.0461163 
46 6540.32 813.651 6595.06 820.296 2.42424 0.0465669 2.43013 0.0468423 
47 6773.33 850.367 6829.64 857.328 2.48052 0.0478803 2.48472 0.0481535 
48 6979.59 879.226 7037.92 886.42 2.53896 0.0496799 2.54367 0.0499626 
49 7189.77 892.664 7250.1 899.95 2.59524 0.0504524 2.60044 0.0507321 
50 7320.28 899.038 7381.16 906.374 2.61905 0.0524396 2.62445 0.0527376 
51 7755.15 951.628 7819.81 959.389 2.63853 0.0499543 2.6441 0.0502178 
52 7962.11 971.687 8028.43 979.606 2.65368 0.0506044 2.65939 0.0508722 
53 8245.47 992.998 8314.23 1001.08 2.71212 0.0528738 2.71616 0.0531739 
54 8528.95 1024.42 8600.64 1032.74 2.7013 0.0535809 2.70742 0.0538729 
55 8768.03 1035.12 8841.93 1043.5 2.74459 0.056021 2.75109 0.0563312 
56 8902.2 1041.16 8977.21 1049.58 2.74026 0.0566435 2.74672 0.0569622 
57 9104.14 1052.79 9181.06 1061.28 2.78355 0.0586558 2.79039 0.0589874 
58 9252.97 1063.07 9330.9 1071.64 2.80519 0.0600027 2.81223 0.0603447 
59 9483.94 1074.32 9564.11 1082.95 2.83766 0.0585147 2.84279 0.0588581 
60 9746.53 1085.29 9828.7 1093.99 2.84416 0.0607134 2.84934 0.0610029 
61 9904.39 1090.76 9987.96 1099.48 2.90043 0.0627116 2.90611 0.0630155 
62 10163.3 1100.67 10249.6 1109.44 2.85931 0.061445 2.86463 0.0617409 
63 10428.3 1109.46 10517.1 1118.27 2.91991 0.0641378 2.92795 0.0643502 
64 10792 1126.55 10883.8 1135.45 2.91558 0.0630947 2.92358 0.0632934 
65 11036.9 1146.42 11130.8 1155.47 2.92857 0.0636468 2.93668 0.0638497 
66 11511.3 1227.39 11609.5 1237.13 3.02597 0.0689144 3.03493 0.0691641 
67 11731.7 1237.91 11831.8 1247.7 3.07359 0.0691794 3.08297 0.0694188 
68 11972.5 1264.04 12074.3 1274.05 3.06277 0.0678004 3.07205 0.0680236 
69 12234.3 1275.51 12338.5 1285.59 3.08225 0.0652544 3.0917 0.0654348 
70 12530.8 1295.87 12637.7 1306.08 3.11905 0.0670106 3.131 0.0672312 
71 12788.5 1323.39 12897.7 1333.82 3.1342 0.0693884 3.1441 0.0697491 
72 13082.4 1350.12 13194.2 1360.75 3.17965 0.068996 3.18996 0.0693373 
73 13681.8 1390.84 13798.9 1401.75 3.21212 0.0710409 3.22271 0.0713972 
74 14129.6 1417.76 14250.7 1428.85 3.22078 0.069584 3.23144 0.069919 
75 14589.5 1445.68 14714.3 1456.96 3.28139 0.0737654 3.29039 0.0741837 
76 14960.7 1462.97 15089.1 1474.34 3.31818 0.0748 3.32751 0.0752206 
77 15409.2 1480.78 15541.5 1492.23 3.31818 0.0755479 3.32969 0.0759253 
78 15741.3 1503.11 15876.7 1514.71 3.32035 0.0762995 3.33188 0.0766856 
79 15961.2 1523.77 16098.3 1535.54 3.35931 0.0794215 3.37118 0.0798333 
80 16234.7 1545.09 16374.2 1557.01 3.37446 0.0811679 3.38646 0.0815962 
81 16615.7 1568.31 16758.7 1580.37 3.39177 0.0812219 3.40611 0.0814754 
82 17068 1591.14 17214.8 1603.34 3.45022 0.084064 3.46507 0.0843355 
83 17439.7 1610.83 17589.7 1623.15 3.44156 0.0851044 3.45633 0.085394 
84 17948.3 1643.63 18103 1656.16 3.50433 0.0834805 3.51965 0.0837223 
85 18371 1674.82 18529.5 1687.57 3.55628 0.0851075 3.57205 0.085352 
86 18709.2 1700.27 18870.5 1713.21 3.53896 0.0855129 3.55459 0.0857702 
87 19187.9 1727.98 19353.4 1741.08 3.60173 0.0861112 3.61572 0.0864134 
88 19665.2 1756.7 19834.8 1770 3.65368 0.0867582 3.67031 0.0869866 
89 20210.7 1785.74 20385.3 1799.2 3.66667 0.0882593 3.68341 0.0885046 
90 20642.8 1805.03 20821 1818.59 3.70346 0.0888863 3.72052 0.0891254 
91 21221.4 1828.38 21404.7 1842.06 3.65584 0.0886199 3.67249 0.0888749 
92 21589.6 1847.38 21776.1 1861.15 3.68398 0.0903368 3.70087 0.0906053 
93 22066.8 1869.37 22257.4 1883.26 3.7013 0.0884214 3.71834 0.0886545 
94 22523.3 1893.73 22717.8 1907.76 3.71429 0.0898278 3.73144 0.0900762 
95 23248.1 1949.41 23450 1963.82 3.70996 0.0892745 3.73144 0.0893322 
96 23642 1967.35 23847.4 1981.85 3.7381 0.0906332 3.75983 0.0906989 
97 24194.2 1989.47 24404.4 2004.07 3.79437 0.0941861 3.81659 0.0942815 
98 24627.4 2013.64 24841.3 2028.39 3.80519 0.0937124 3.82751 0.0937943 
99 25148.6 2040.12 25367.2 2055.01 3.86364 0.0955428 3.88646 0.0956246 
100 25508 2056.63 25729.7 2071.6 3.90043 0.0963002 3.92358 0.0963752 
101 26055 2091.86 26281.5 2107.07 3.91342 0.0969575 3.93668 0.0970367 
102 26551 2109.23 26782.1 2124.49 3.98052 0.0978303 4.00437 0.0978885 
103 27068.4 2134.78 27303.9 2150.18 4.01732 0.0987606 4.04148 0.0988148 
104 27606.3 2163.71 27846.7 2179.27 3.99351 0.0976903 4.01965 0.0975673 
105 27977.4 2183.42 28220.9 2199.1 4.0368 0.0973876 4.06332 0.097233 
106 28428.7 2218.72 28676.1 2234.65 4.08442 0.10003 4.11135 0.099897 
107 28768.9 2236.12 29019.4 2252.14 4.13636 0.101441 4.16376 0.101304 
108 29120.1 2254.21 29373.5 2270.33 4.11039 0.100442 4.13755 0.100302 
109 29527.1 2273.06 29784.2 2289.27 4.11688 0.101147 4.1441 0.101016 
110 29841.8 2291.18 30101.6 2307.51 4.12987 0.101159 4.15502 0.101099 
111 30541 2358.44 30806.9 2375.29 4.22294 0.105241 4.24891 0.105204 
112 31062.5 2401.01 31333 2418.17 4.23377 0.102689 4.25983 0.102599 
113 31425.9 2431.77 31699.4 2449.16 4.23377 0.101079 4.25983 0.100959 
114 31906 2453.63 32183.7 2471.12 4.28788 0.10346 4.31441 0.103354 
115 32152.7 2464.62 32432.8 2482.16 4.32251 0.108721 4.34934 0.108691 
116 32654.9 2487.7 32939.3 2505.36 4.40043 0.110769 4.42795 0.110734 
117 32986 2523.02 33273.2 2540.97 4.40909 0.108045 4.43668 0.107955 
118 33638.7 2581.74 33931.6 2600.13 4.45022 0.111222 4.47817 0.111167 
119 33926.8 2595.94 34222.1 2614.41 4.45887 0.111271 4.4869 0.111213 
120 34601.6 2643.74 34902.9 2662.53 4.48701 0.111118 4.51528 0.111041 
121 35071.8 2668.78 35377.2 2687.72 4.55195 0.113719 4.58079 0.113653 
122 35557 2704.47 35866.6 2723.66 4.6039 0.113848 4.63319 0.113755 
123 36059.9 2725.34 36374 2744.61 4.61039 0.114204 4.63974 0.114114 
124 36567.2 2752.58 36885.7 2772.01 4.65368 0.116171 4.68341 0.116093 
125 37081.7 2772.56 37404.6 2792.07 4.64935 0.117706 4.67904 0.117657 
126 37473 2790.88 37799.3 2810.48 4.72294 0.120525 4.75328 0.120486 
127 37951.4 2807.63 38282 2827.28 4.78788 0.121003 4.81878 0.120937 
128 38378.1 2825.8 38712.4 2845.53 4.82035 0.116885 4.85153 0.116724 
129 38796.8 2847.37 39134.7 2867.22 4.81818 0.120295 4.84934 0.120199 
130 39200.3 2871.58 39541.8 2891.57 4.85281 0.120902 4.88428 0.120797 
131 39625.4 2888.8 39970.4 2908.87 4.84199 0.119371 4.87336 0.119244 
132 40154.1 2898.18 40504 2918.21 4.82035 0.11954 4.85153 0.119429 
133 40714 2926.35 41068.7 2946.52 4.87013 0.120363 4.90175 0.120238 
134 41249.9 2951.41 41609.3 2971.71 4.89177 0.119158 4.92358 0.118997 
135 41875.5 2987.88 42240.3 3008.41 4.94156 0.12151 4.97162 0.121422 
136 42543.3 3021.87 42914.1 3042.56 4.98701 0.120707 5.01965 0.12052 
137 43146.9 3050.1 43523 3070.93 4.97186 0.119512 5.00437 0.119311 
138 43592.9 3071.4 43972.9 3092.34 4.95455 0.118635 4.9869 0.118427 
139 44566.4 3129.14 44954.9 3150.43 4.94589 0.119414 4.97817 0.119226 
140 45144.5 3155.12 45538.1 3176.53 5.00866 0.119812 5.04148 0.119594 
141 45651.2 3192.19 46049.2 3213.86 5.04113 0.123324 5.07424 0.123154 
142 46236.2 3229.94 46639.3 3251.85 5.08225 0.126376 5.11572 0.126239 
143 46675.8 3277.43 47082.8 3299.73 5.0974 0.12559 5.131 0.12543 
144 47233.7 3323.22 47645.5 3345.86 5.10823 0.124578 5.14192 0.124392 
145 47762.8 3351.39 48179.1 3374.19 5.09091 0.125545 5.12445 0.125387 
146 48448.6 3403.42 48871 3426.58 5.11039 0.128371 5.1441 0.128255 
147 49134.1 3454.61 49562.5 3478.14 5.14935 0.129666 5.18559 0.129453 
148 49895.6 3540.73 50330.8 3564.96 5.26623 0.13227 5.30349 0.132034 
149 50435.5 3576.01 50875.3 3600.48 5.27922 0.134808 5.31659 0.134614 
150 51254.7 3621.78 51701.9 3646.51 5.26623 0.135731 5.30349 0.135561 
151 51923.6 3675.49 52376.5 3700.61 5.28355 0.136138 5.32096 0.135965 
152 52607.2 3729.72 53066.2 3755.22 5.35714 0.137067 5.3952 0.136868 
153 53378.3 3784.61 53843.9 3810.49 5.37662 0.138468 5.41485 0.138284 
154 54028.3 3808.4 54499.7 3834.36 5.41558 0.141344 5.45415 0.14119 
155 54486 3840.54 54961.2 3866.72 5.47835 0.140964 5.51747 0.140764 
156 55032 3876.43 55512.1 3902.85 5.45671 0.142933 5.49563 0.142784 
157 55851.1 3921.3 56338.3 3947.97 5.48701 0.144121 5.5262 0.143975 
158 56973.3 3979.93 57470.5 4006.92 5.51732 0.143925 5.55677 0.143757 
159 57928.3 4062.68 58433.7 4090.3 5.53896 0.146785 5.5786 0.146657 
160 58757.3 4115.21 59269.9 4143.16 5.61255 0.14419 5.65284 0.143969 
161 59710.4 4161.04 60231.4 4189.22 5.64935 0.14863 5.68996 0.148471 
162 60455.4 4206.32 60982.9 4234.78 5.79004 0.15137 5.83188 0.151177 
163 61454.2 4255.12 61990.4 4283.83 5.78571 0.153753 5.82751 0.153607 
164 62237.2 4285.06 62780.2 4313.87 5.83983 0.153056 5.8821 0.152864 
165 63407.3 4322.87 63960.5 4351.77 5.82468 0.152882 5.86681 0.152696 
166 64171.3 4358.1 64731.2 4387.16 5.81385 0.151267 5.8559 0.151058 
167 65047.4 4400.86 65614.9 4430.14 5.83766 0.154346 5.87991 0.15418 
168 65842.6 4421.67 66417.1 4450.95 5.86147 0.153254 5.90393 0.153053 
169 66809 4465.19 67391.9 4494.66 5.86797 0.154287 5.91048 0.154102 
170 67567.2 4499.3 68156.7 4528.93 5.88961 0.152707 5.93231 0.152478 
171 68209.3 4527.59 68804.5 4557.34 5.91342 0.15525 5.95852 0.154917 
172 68793.8 4548.9 69394.2 4578.71 5.95671 0.157208 6.00218 0.156886 
173 69379.3 4587.14 69984.7 4617.2 6.06277 0.157358 6.10917 0.156971 
174 69985.6 4609.88 70596.4 4640.01 6.11255 0.159824 6.15939 0.159454 
175 70748.4 4632.64 71365.9 4662.8 6.12771 0.160808 6.17467 0.160447 
176 71376.6 4651.31 71999.6 4681.49 6.14935 0.165137 6.19651 0.164848 
177 72124.2 4683.99 72753.7 4714.31 6.20996 0.16669 6.25764 0.166392 
178 72822.6 4719.83 73458.3 4750.33 6.25758 0.166517 6.30568 0.166186 
179 73544.9 4760.44 74186.7 4791.18 6.27489 0.17112 6.32314 0.170867 
180 74424.8 4809.58 75074.5 4840.61 6.2619 0.166643 6.31004 0.166312 
181 75045.2 4837.31 75700.2 4868.46 6.35281 0.172149 6.40175 0.171867 
182 75526.3 4851.09 76185.5 4882.25 6.38312 0.170367 6.43231 0.170031 
183 76309.9 4919.15 76976 4950.82 6.43723 0.172016 6.4869 0.171678 
184 77130.7 4957.41 77804 4989.27 6.41991 0.171482 6.46943 0.171144 
185 77884.4 4976.61 78564.2 5008.45 6.4329 0.174151 6.48253 0.173857 
186 78717.1 4997.2 79404.3 5029.02 6.50216 0.176397 6.5524 0.176103 
187 79540.1 5037.8 80234.5 5069.82 6.54113 0.177868 6.5917 0.177577 
188 80158.7 5061.3 80858.4 5093.4 6.59307 0.181321 6.6441 0.181065 
189 80872.2 5088.59 81578.3 5120.78 6.66667 0.181517 6.71834 0.181218 
190 81407.5 5115.07 82118.1 5147.39 6.7381 0.18419 6.79039 0.183898 
191 81964.3 5134 82679.9 5166.36 6.77922 0.185308 6.83188 0.185011 
192 82775.5 5169.16 83498.1 5201.67 6.79221 0.184378 6.84498 0.184055 
193 83510.8 5185.41 84239.9 5217.87 6.82035 0.186148 6.87336 0.185842 
194 84247.1 5233.09 84982.6 5265.85 6.80736 0.184984 6.86026 0.184663 
195 84905.1 5253.97 85646.3 5286.77 6.80952 0.186037 6.86245 0.185735 
196 85627.2 5291.54 86374.6 5324.55 6.91991 0.185997 6.97162 0.185765 
197 86219.6 5313.81 86972.2 5346.88 6.98052 0.187412 7.03493 0.187028 
198 87058.4 5356.57 87818.4 5389.86 6.94589 0.185891 7 0.1855 
199 87981 5393.57 88749.1 5426.99 6.97186 0.186633 7.0262 0.186239 
200 88503.6 5412.33 89276.3 5445.79 7.06061 0.192389 7.11572 0.192051 
201 89340.1 5456.95 90120 5490.65 7.08874 0.191792 7.1441 0.191425 
202 90263.7 5502.19 91051.6 5536.12 7.05628 0.18999 7.11135 0.189609 
203 91022.2 5533.33 91816.9 5567.37 7.0303 0.192283 7.08734 0.191798 
204 91688.1 5554.28 92488.6 5588.35 7.10173 0.190307 7.15939 0.189735 
205 92817.5 5619.9 93628 5654.36 7.12121 0.189529 7.17904 0.188929 
206 93686.3 5653.25 94504.3 5687.81 7.19264 0.193088 7.25109 0.192513 
207 94443.2 5680.14 95267.8 5714.76 7.16883 0.193657 7.22707 0.19311 
208 95184.1 5699.46 96015.1 5734.07 7.18831 0.195365 7.24672 0.194839 
209 96128.5 5735.99 96967.8 5770.71 7.28788 0.199613 7.34716 0.199107 
210 96879.5 5783.77 97725.4 5818.8 7.2987 0.196919 7.35808 0.196352 
211 97918.3 5827.57 98773.3 5862.76 7.32468 0.200276 7.38428 0.199759 
212 98581.5 5851.46 99442.2 5886.72 7.39394 0.199889 7.45415 0.199319 
213 99562 5883.78 100431 5919.09 7.41558 0.19956 7.47598 0.198969 
214 100581 5895.09 101459 5930.21 7.45238 0.198833 7.5131 0.198203 
215 101481 5928.71 102367 5963.91 7.5368 0.200107 7.59825 0.199445 
216 102289 5954.6 103182 5989.84 7.59957 0.201368 7.66157 0.20069 
217 103101 5987.97 104002 6023.33 7.64719 0.204926 7.70961 0.20429 
218 103960 6017.43 104868 6052.84 7.69264 0.205255 7.75546 0.204596 
219 104468 6044.52 105380 6080.09 7.74892 0.202943 7.81223 0.202196 
220 105297 6077.91 106217 6113.59 7.80303 0.203499 7.86681 0.202726 
221 106036 6115.2 106961 6151.06 7.78571 0.207474 7.84934 0.206798 
222 106798 6165.57 107731 6201.76 7.79004 0.205281 7.85371 0.204556 
223 107680 6194.47 108620 6230.71 7.88745 0.20655 7.95197 0.205785 
224 108621 6225.9 109570 6262.19 7.88961 0.206768 7.95415 0.206006 
225 109219 6245.25 110173 6281.56 7.88745 0.207907 7.95197 0.20717 
226 110146 6281.15 111108 6317.58 7.88312 0.207992 7.94541 0.207385 
227 110913 6315.25 111881 6351.82 7.95238 0.205604 8.01528 0.204902 
228 111921 6360.33 112898 6397.08 7.9697 0.205155 8.03275 0.204432 
229 113003 6389.15 113990 6425.88 7.96537 0.209761 8.02838 0.209136 
230 113996 6422.09 114991 6458.87 8.1039 0.212177 8.16594 0.211615 
231 114786 6450.76 115788 6487.61 8.16234 0.217496 8.22707 0.216899 
232 115774 6499.08 116785 6536.16 8.20996 0.224385 8.27511 0.223896 
233 116639 6536.54 117657 6573.77 8.2381 0.224606 8.30568 0.22398 
234 117440 6564.14 118465 6601.41 8.23377 0.227764 8.30131 0.227205 
235 118154 6587.3 119186 6624.6 8.34848 0.230952 8.41703 0.230381 
236 119159 6610.17 120200 6647.4 8.40043 0.234256 8.46943 0.233717 
237 120038 6642.31 121086 6679.62 8.37662 0.232928 8.44541 0.232378 
238 121109 6679.65 122167 6717.04 8.30952 0.233091 8.37773 0.232588 
239 121970 6706.89 123035 6744.3 8.44156 0.234666 8.51092 0.234108 
240 123100 6772.16 124175 6809.95 8.47835 0.233137 8.54803 0.232524 
241 124316 6811.03 125402 6848.86 8.4632 0.235612 8.53275 0.235059 
242 125364 6845.76 126459 6883.64 8.53896 0.239202 8.60917 0.238672 
243 126429 6893.4 127533 6931.47 8.58874 0.239056 8.65939 0.23849 
244 127361 6943.5 128473 6981.85 8.62554 0.239569 8.69651 0.238989 
245 128643 6978.19 129766 7016.5 8.65152 0.238202 8.72271 0.237578 
246 129661 7023.69 130793 7062.19 8.73593 0.241609 8.80786 0.240998 
247 130514 7054.63 131654 7093.19 8.84632 0.241146 8.91921 0.240453 
248 131612 7080.43 132761 7118.92 8.87662 0.239664 8.94978 0.238919 
249 132389 7116.86 133544 7155.51 8.95022 0.242268 9.02402 0.241528 
250 133466 7144.47 134631 7183.07 8.93074 0.244826 9.00437 0.244151 
251 134712 7188.14 135888 7226.82 9.00649 0.250044 9.08079 0.249425 
252 135659 7206.56 136843 7245.13 9.0368 0.247212 9.11135 0.246515 
253 136754 7242.1 137948 7280.7 9.06061 0.245462 9.13537 0.244713 
254 138099 7282.9 139305 7321.5 9.08658 0.244124 9.16376 0.24318 
255 139436 7314.94 140654 7353.45 9.14935 0.243838 9.22707 0.242843 
256 140669 7355.23 141897 7393.78 9.23593 0.245108 9.31441 0.24408 
257 141876 7397.63 143114 7436.25 9.20346 0.246686 9.28166 0.245715 
258 142998 7435.24 144246 7473.92 9.2013 0.245098 9.27948 0.244095 
259 143950 7459.19 145207 7497.81 9.24892 0.245577 9.32751 0.24455 
260 144937 7486.64 146203 7525.23 9.25325 0.245567 9.33188 0.244537 
261 145916 7515.39 147190 7553.97 9.36797 0.250423 9.4476 0.249418 
262 147018 7542.06 148302 7580.56 9.46104 0.250249 9.54148 0.249174 
263 148078 7574.02 149371 7612.53 9.48701 0.249711 9.56769 0.248606 
264 149148 7603.76 150451 7642.23 9.5 0.251748 9.58079 0.250679 
265 150000 7627.6 151310 7666.04 9.53463 0.252394 9.61572 0.251313 
266 150834 7646.32 152152 7684.68 9.6342 0.252507 9.71616 0.251358 
267 151751 7666.82 153076 7705.09 9.671 0.255888 9.75328 0.254787 
268 152858 7698.64 154193 7736.89 9.72944 0.258521 9.81223 0.257437 
269 154367 7750.16 155715 7788.48 9.79654 0.257356 9.87991 0.256198 
270 155116 7770.47 156471 7808.76 9.84416 0.261742 9.92795 0.260646 
271 155767 7790.2 157127 7828.49 9.91342 0.266476 9.99782 0.265434 
272 156849 7813.3 158219 7851.46 9.92857 0.264748 10.0131 0.263659 
273 158148 7856.01 159529 7894.21 9.91558 0.263303 10 0.262191 
274 159440 7896.34 160833 7934.55 9.93939 0.263788 10.024 0.26267 
275 160538 7940.71 161940 7979.06 10.0649 0.267962 10.1528 0.266673 
276 161432 7961.56 162841 7999.82 10.0541 0.268831 10.1419 0.26757 
277 162986 8014.46 164410 8052.79 10.0714 0.269449 10.1594 0.268189 
278 163867 8042.31 165298 8080.65 10.1277 0.269039 10.2162 0.267729 
279 165077 8074.8 166519 8113.08 10.1537 0.267805 10.2424 0.266448 
280 166233 8115.04 167685 8153.38 10.2078 0.268852 10.2969 0.267479 
281 167414 8142.61 168876 8180.84 10.2835 0.270466 10.3734 0.269075 
282 168625 8180.68 170098 8218.92 10.3139 0.269804 10.4039 0.268375 
283 170114 8219.26 171599 8257.41 10.3874 0.273907 10.4782 0.272517 
284 171665 8257.24 173165 8295.26 10.4264 0.275028 10.5175 0.273635 
285 172924 8286.34 174434 8324.23 10.461 0.277485 10.5524 0.276123 
286 174755 8344.9 176281 8382.82 10.4221 0.279654 10.5131 0.278369 
287 176040 8387.94 177577 8425.9 10.5649 0.282777 10.6572 0.281458 
288 177155 8416.63 178702 8454.51 10.5671 0.28261 10.6594 0.281286 
289 178663 8477.26 180223 8515.32 10.5909 0.278655 10.6834 0.277225 
290 179934 8532.2 181506 8570.46 10.6212 0.278092 10.714 0.276626 
291 181045 8567.99 182627 8606.27 10.7056 0.280535 10.7991 0.279062 
292 182738 8621.21 184334 8659.49 10.7446 0.283193 10.8384 0.281753 
293 184052 8664.28 185659 8702.59 10.8247 0.285901 10.9192 0.284464 
294 185543 8712.69 187164 8751.03 10.8355 0.285677 10.9301 0.284227 
295 186694 8751.09 188325 8789.46 10.9416 0.290797 11.0371 0.289385 
296 187886 8782.04 189527 8820.33 11.0606 0.290997 11.1572 0.289503 
297 189267 8812.93 190920 8851.06 11.1818 0.293501 11.2795 0.291975 
298 190529 8865.65 192193 8903.95 11.2143 0.296211 11.3122 0.294722 
299 191722 8911.32 193396 8949.73 11.29 0.29581 11.3886 0.294257 
300 192921 8947.42 194606 8985.81 11.2706 0.294954 11.369 0.293395 
301 193995 8975.96 195689 9014.28 11.2554 0.296386 11.3537 0.294871 
302 194935 8996.22 196637 9034.43 11.3615 0.296834 11.4607 0.295251 
303 196322 9028.61 198037 9066.67 11.3636 0.297167 11.4629 0.295591 
304 197902 9070.82 199630 9108.78 11.3766 0.30002 11.476 0.298498 
305 198934 9111.15 200671 9149.22 11.4848 0.30219 11.5852 0.300638 
306 199999 9142.21 201746 9180.24 11.6061 0.30399 11.7074 0.30239 
307 201129 9170.48 202885 9208.42 11.619 0.3033 11.7205 0.301676 
308 202200 9202.83 203966 9240.75 11.6537 0.305591 11.7555 0.303993 
309 203488 9236.8 205265 9274.63 11.6732 0.305108 11.7751 0.303484 
310 204308 9258.04 206092 9295.81 11.7186 0.307431 11.821 0.305827 
311 205561 9301.62 207356 9339.45 11.7662 0.30703 11.869 0.305381 
312 206641 9321.8 208446 9359.44 11.9091 0.310304 12.0131 0.308625 
313 207825 9369.99 209640 9407.77 11.9048 0.306992 12.0087 0.30524 
314 209153 9408.93 210979 9446.67 11.9199 0.306107 12.024 0.304323 
315 210388 9444.57 212225 9482.26 11.9113 0.307187 12.0153 0.305434 
316 211823 9479.41 213673 9516.97 11.9567 0.306727 12.0611 0.30493 
317 213160 9512.2 215021 9549.63 11.974 0.310964 12.0786 0.309252 
318 214566 9555.25 216440 9592.65 11.987 0.308226 12.0917 0.306441 
319 215932 9584.38 217818 9621.59 12.0152 0.308887 12.1201 0.307096 
320 217368 9622.66 219267 9659.77 12.0844 0.307067 12.19 0.305181 
321 218577 9649.62 220486 9686.58 12.1602 0.3119 12.2664 0.310071 
322 219736 9686.1 221655 9723.05 12.1818 0.314507 12.2882 0.312723 
323 220997 9723.05 222927 9759.96 12.2597 0.313089 12.3668 0.311213 
324 222052 9752.9 223992 9789.76 12.303 0.312855 12.4105 0.310941 
325 223428 9795.31 225379 9832.15 12.4242 0.314299 12.5328 0.312326 
326 224727 9839.01 226690 9875.88 12.4199 0.318973 12.5284 0.317114 
327 226002 9864.21 227976 9900.87 12.4264 0.322612 12.5349 0.320834 
328 227028 9900.22 229011 9936.92 12.5238 0.325865 12.6332 0.32409 
329 228058 9940.76 230050 9977.57 12.5931 0.32853 12.7031 0.326765 
330 229369 9976.15 231372 10012.9 12.658 0.326804 12.7686 0.32495 
331 230707 10013.1 232722 10049.7 12.7056 0.324617 12.8166 0.322676 
332 231639 10045.5 233662 10082.2 12.7359 0.326042 12.8472 0.324111 
333 233269 10081.9 235306 10118.4 12.7987 0.329291 12.9105 0.32739 
334 234536 10111 236584 10147.3 12.8615 0.326296 12.9738 0.324276 
335 235781 10138.8 237840 10174.9 12.9091 0.325484 13.0218 0.323408 
336 237393 10178.8 239466 10214.7 12.9654 0.326154 13.0786 0.324051 
337 239130 10204.1 241218 10239.6 13.0368 0.331094 13.1507 0.329055 
338 240473 10239.5 242573 10275 13.0974 0.332874 13.2118 0.330831 
339 241647 10269.3 243758 10304.6 13.1126 0.329361 13.2271 0.327222 
340 242975 10312.8 245097 10348.2 13.0996 0.332217 13.214 0.330157 
341 244065 10361.9 246197 10397.4 13.1623 0.333199 13.2773 0.331114 
342 244943 10395.9 247082 10431.5 13.2013 0.331997 13.3166 0.329854 
343 246066 10426.2 248215 10461.8 13.3009 0.332737 13.417 0.330534 
344 247417 10468.3 249578 10503.8 13.2814 0.336156 13.3974 0.334052 
345 248603 10488.4 250774 10523.7 13.368 0.341576 13.4847 0.339535 
346 250142 10521.4 252326 10556.4 13.4307 0.342466 13.548 0.340397 
347 251390 10557 253586 10592 13.4848 0.344063 13.6026 0.341992 
348 252364 10581.2 254568 10616.1 13.6472 0.346141 13.7664 0.343996 
349 253326 10606.6 255539 10641.4 13.6775 0.347137 13.7969 0.344993 
350 254479 10637.1 256702 10671.8 13.6429 0.347132 13.762 0.345013 
351 255576 10670.3 257808 10705 13.7121 0.345499 13.8319 0.343288 
352 256540 10705.1 258780 10739.8 13.6645 0.343665 13.7838 0.341447 
353 257939 10727 260192 10761.4 13.6861 0.341522 13.8057 0.339235 
354 259426 10759.8 261692 10793.9 13.7251 0.344122 13.845 0.341869 
355 260268 10798.2 262541 10832.5 13.7944 0.346087 13.9148 0.343827 
356 261354 10820.7 263636 10854.8 13.7922 0.348304 13.9127 0.346099 
357 262657 10871.2 264951 10905.5 13.8701 0.346295 13.9913 0.343982 
358 263565 10900.6 265867 10934.8 13.8615 0.349023 13.9825 0.346783 
359 264882 10938.4 267195 10972.6 13.9004 0.352139 14.0218 0.349943 
360 266200 10971.7 268525 11005.8 14.0238 0.354917 14.1463 0.352694 
361 267328 11009.4 269662 11043.5 14.0195 0.358503 14.1419 0.356369 
362 268275 11047.5 270618 11081.7 14.0455 0.356546 14.1681 0.354345 
363 269626 11081.5 271981 11115.5 14.1017 0.35723 14.2249 0.355002 
364 270886 11132.6 273252 11166.8 14.1299 0.357347 14.2533 0.355101 
365 271901 11156.2 274276 11190.3 14.2489 0.359245 14.3734 0.356953 
366 273026 11204.5 275410 11238.7 14.3009 0.363399 14.4258 0.361167 
367 274335 11247.6 276731 11281.9 14.3333 0.365837 14.4585 0.363638 
368 275500 11294.6 277906 11329 14.3636 0.365429 14.4891 0.363197 
369 276476 11338.2 278891 11372.7 14.5108 0.367172 14.6376 0.36487 
370 278109 11388.7 280538 11423.3 14.4892 0.365317 14.6157 0.362987 
371 279006 11412.3 281442 11446.8 14.6234 0.368426 14.7511 0.366068 
372 280508 11452.3 282958 11486.6 14.658 0.371236 14.786 0.368918 
373 281784 11497.8 284245 11532.2 14.6861 0.367019 14.8144 0.364578 
374 282970 11540.1 285441 11574.6 14.6861 0.367389 14.8144 0.364957 
375 284125 11582.9 286606 11617.4 14.7121 0.368606 14.8406 0.366184 
376 285143 11642.2 287634 11677.1 14.7403 0.367729 14.869 0.365263 
377 286615 11694.8 289118 11729.8 14.7987 0.365758 14.9279 0.363198 
378 287904 11740.2 290418 11775.3 14.7662 0.359573 14.8952 0.356885 
379 289444 11781.4 291972 11816.3 14.803 0.365993 14.9323 0.363436 
380 290542 11808.6 293079 11843.4 14.842 0.368382 14.9716 0.365853 
381 291995 11841.6 294545 11876.1 14.9351 0.371274 15.0655 0.368744 
382 293340 11883.4 295902 11918 14.9567 0.371407 15.0873 0.368863 
383 294736 11911 297310 11945.3 14.9913 0.376623 15.1223 0.37418 
384 296596 11984.2 299187 12018.7 15.0152 0.377648 15.1463 0.375211 
385 297844 12027.8 300445 12062.3 15.0996 0.374799 15.2314 0.372227 
386 299470 12058.1 302085 12092.3 15.0498 0.372746 15.1812 0.370163 
387 301008 12118.7 303637 12153.1 15.1061 0.370856 15.238 0.368181 
388 302324 12163.7 304965 12198 15.1255 0.365222 15.2576 0.36239 
389 303782 12183.9 306436 12217.9 15.1645 0.366495 15.2969 0.363664 
390 305589 12210.5 308257 12244.1 15.1948 0.368007 15.3275 0.36519 
391 306958 12242 309639 12275.3 15.2273 0.364583 15.3603 0.361652 
392 308909 12280.7 311607 12313.6 15.2965 0.362839 15.4301 0.359807 
393 310569 12324.4 313281 12357.2 15.4307 0.362354 15.5655 0.359199 
394 312189 12366.9 314916 12399.6 15.5346 0.36539 15.6703 0.36223 
395 314073 12417.2 316816 12449.7 15.6472 0.368738 15.7838 0.365573 
396 315539 12461.6 318295 12494 15.6385 0.369266 15.7751 0.366122 
397 316999 12494.9 319768 12527.1 15.7208 0.371116 15.8581 0.367953 
398 318583 12526.8 321366 12558.7 15.7576 0.373305 15.8952 0.370169 
399 319964 12563.1 322759 12594.9 15.7814 0.375308 15.9192 0.372205 
400 321539 12607.2 324347 12638.9 15.7987 0.373327 15.9367 0.370158 
401 322948 12644.7 325769 12676.3 15.8571 0.374268 15.9956 0.371076 
402 324985 12695 327823 12726.3 15.829 0.376209 15.9672 0.373091 
403 326490 12751.3 329342 12782.7 15.8506 0.378576 15.9891 0.375501 
404 328204 12803.7 331070 12835.1 15.9156 0.382227 16.0546 0.379194 
405 330103 12836.4 332986 12867.3 15.9913 0.383697 16.131 0.380641 
406 331777 12878.4 334674 12909.1 16.0779 0.384022 16.2183 0.380904 
407 333232 12897.6 336142 12927.9 16.1169 0.388284 16.2576 0.385243 
408 335053 12931.2 337979 12961.1 16.2013 0.389251 16.3428 0.386168 
409 336851 12982 339793 13011.8 16.2511 0.388351 16.393 0.385204 
410 338519 13037.9 341476 13067.7 16.3247 0.388209 16.4672 0.384998 
411 340131 13088.2 343102 13117.9 16.3528 0.389126 16.4956 0.385917 
412 341790 13120.6 344775 13150.1 16.3701 0.390773 16.5131 0.387593 
413 343623 13173.8 346624 13203.1 16.4307 0.392398 16.5742 0.38921 
414 345199 13229.7 348214 13259.1 16.5433 0.393003 16.6878 0.389739 
415 346618 13252.1 349645 13281.1 16.6472 0.397252 16.7926 0.394014 
416 348257 13302.7 351299 13331.7 16.658 0.397903 16.8035 0.394673 
417 349834 13356.1 352889 13385 16.6558 0.398082 16.8013 0.394858 
418 351510 13391.6 354580 13420.3 16.6905 0.396221 16.8362 0.39292 
419 352792 13439.3 355873 13468 16.7641 0.39731 16.9105 0.393978 
420 354534 13477 357630 13505.5 16.7792 0.398218 16.9258 0.394898 
421 356125 13517.1 359235 13545.4 16.8074 0.396215 16.9541 0.392819 
422 357265 13548.9 360385 13577.1 16.8658 0.397018 17.0131 0.393594 
423 358499 13584.3 361630 13612.4 16.9481 0.397837 17.0961 0.394368 
424 359842 13627.3 362985 13655.4 16.9437 0.398777 17.0917 0.395336 
425 361523 13678.6 364681 13706.6 17.0195 0.403555 17.1681 0.400178 
426 362974 13720.7 366144 13748.7 17.0563 0.403333 17.2052 0.399919 
427 364121 13763.7 367301 13791.8 17.2056 0.404846 17.3559 0.401349 
428 365503 13801.3 368696 13829.2 17.2662 0.407687 17.417 0.404215 
429 367204 13869.1 370411 13897.3 17.3247 0.403755 17.476 0.400131 
430 368855 13922.3 372077 13950.4 17.3182 0.407675 17.4694 0.404161 
431 370443 13979.5 373679 14007.7 17.3009 0.40526 17.452 0.401696 
432 371778 14020.6 375025 14048.7 17.3203 0.404053 17.4716 0.40044 
433 373232 14062.1 376492 14090.1 17.3009 0.405503 17.452 0.401945 
434 375219 14126 378496 14154.1 17.303 0.405066 17.4541 0.401495 
435 377058 14173.2 380351 14201.1 17.3961 0.4031 17.548 0.399399 
436 379054 14219.3 382365 14246.8 17.487 0.406762 17.6397 0.403083 
437 380941 14272.6 384268 14299.9 17.5411 0.41037 17.6943 0.406742 
438 382313 14303.2 385652 14330.3 17.5779 0.411385 17.7314 0.407753 
439 384027 14371.1 387381 14398.4 17.6472 0.411241 17.8013 0.407549 
440 385485 14416.9 388852 14444.2 17.79 0.411156 17.9454 0.407342 
441 387357 14473.6 390740 14500.9 17.9026 0.413724 18.059 0.409884 
442 389125 14530.6 392523 14557.8 18.0152 0.415127 18.1725 0.411231 
443 390607 14564.6 394019 14591.6 18.1126 0.417161 18.2707 0.413238 
444 392022 14616.6 395446 14643.7 18.0628 0.419429 18.2205 0.415609 
445 393597 14682.2 397034 14709.5 18.1364 0.421753 18.2948 0.417934 
446 395416 14737.9 398870 14765.1 18.1385 0.419093 18.2969 0.415201 
447 397297 14806.5 400766 14833.9 18.1883 0.420374 18.3472 0.416475 
448 398962 14869 402446 14896.4 18.2749 0.428091 18.4345 0.424326 
449 400877 14917.6 404378 14944.8 18.2749 0.426193 18.4345 0.422378 
450 402431 14966.1 405946 14993.3 18.2554 0.422016 18.4148 0.418105 
451 404123 15006.6 407653 15033.6 18.2965 0.425876 18.4563 0.422034 
452 405479 15044.5 409020 15071.3 18.3745 0.42682 18.5349 0.422938 
453 407458 15097.1 411016 15123.7 18.3528 0.425508 18.5131 0.421609 
454 409342 15159 412918 15185.6 18.355 0.426587 18.5153 0.422716 
455 411174 15228.1 414765 15254.8 18.4329 0.427988 18.5939 0.42409 
456 412669 15282.4 416273 15309.3 18.5693 0.432474 18.7314 0.428582 
457 414364 15350.2 417983 15377.2 18.6017 0.433974 18.7642 0.430095 
458 416118 15415.6 419752 15442.8 18.645 0.428647 18.8079 0.424587 
459 417420 15459.6 421065 15486.8 18.5823 0.425854 18.7445 0.421771 
460 418924 15503.1 422583 15530.2 18.6537 0.431016 18.8166 0.427014 
461 420608 15582.4 424282 15609.9 18.7251 0.429053 18.8886 0.424937 
462 422101 15639.1 425787 15666.7 18.829 0.43189 18.9934 0.427764 
463 423820 15720.5 427522 15748.5 18.8095 0.430628 18.9738 0.426484 
464 425651 15804.6 429369 15832.9 18.9199 0.430067 19.0852 0.425813 
465 427244 15885.5 430975 15914.4 19.0195 0.430147 19.1856 0.42581 
466 429188 15979.1 432936 16008.4 19.0152 0.438379 19.1812 0.434273 
467 430713 16036.7 434475 16066.1 19.0931 0.439415 19.2598 0.435271 
468 432436 16096.5 436213 16125.9 19.1494 0.439328 19.3166 0.435134 
469 434266 16176.2 438059 16205.9 19.2229 0.441038 19.3908 0.436829 
470 435815 16226.7 439622 16256.4 19.2922 0.440568 19.4607 0.436287 
471 437242 16314.3 441061 16344.7 19.329 0.439101 19.4978 0.434747 
472 439101 16387.5 442936 16418 19.3918 0.436844 19.5611 0.432374 
473 441017 16481.9 444869 16513 19.4069 0.43773 19.5764 0.433272 
474 442732 16561 446598 16592.4 19.4848 0.437954 19.655 0.433435 
475 444656 16620.9 448539 16652.3 19.5281 0.438616 19.6987 0.434077 
476 446334 16684.7 450232 16716.2 19.6429 0.441272 19.8144 0.43671 
477 448248 16767.6 452163 16799.4 19.6948 0.439239 19.8668 0.434574 
478 450149 16837.8 454080 16869.7 19.7727 0.443375 19.9454 0.438759 
479 451806 16899.6 455752 16931.6 19.7338 0.447546 19.9061 0.443081 
480 453270 16942.4 457229 16974.4 19.7987 0.449155 19.9716 0.444679 
481 455272 17020.6 459248 17052.7 19.8636 0.449437 20.0371 0.444914 
482 456733 17079.8 460722 17112.1 19.9762 0.450636 20.1507 0.446049 
483 458393 17135.7 462397 17168.1 20.0974 0.454765 20.2729 0.450189 
484 460359 17226.2 464380 17258.9 20.1515 0.458412 20.3275 0.453891 
485 461941 17286 465975 17318.9 20.1147 0.453622 20.2904 0.448999 
486 463392 17325.6 467439 17358.4 20.145 0.4535 20.321 0.448847 
487 465177 17380.8 469239 17413.5 20.1797 0.455277 20.3559 0.450645 
488 467125 17447.5 471205 17480.2 20.3355 0.455405 20.5131 0.450642 
489 468947 17512.1 473043 17544.9 20.29 0.454757 20.4672 0.450015 
490 470650 17566.4 474761 17599.2 20.3896 0.45821 20.5677 0.453478 
491 472888 17627.4 477019 17660 20.3831 0.460104 20.5611 0.455431 
492 474851 17685.7 478999 17718.2 20.4978 0.457123 20.6769 0.452267 
493 476715 17755 480879 17787.7 20.5844 0.459182 20.7642 0.454309 
494 478682 17829.4 482863 17862.1 20.6429 0.461988 20.8231 0.457144 
495 480302 17906.8 484497 17940 20.5931 0.461519 20.7729 0.456705 
496 482361 17980.7 486574 18013.9 20.6212 0.464732 20.8013 0.459984 
497 484329 18047.7 488559 18081 20.697 0.468101 20.8777 0.463382 
498 486360 18145.2 490608 18178.9 20.8333 0.464699 21.0153 0.459766 
499 488183 18206.5 492446 18240.2 20.9004 0.467199 21.083 0.462278 
500 489851 18272.1 494129 18306 20.9654 0.467008 21.1485 0.462026 
