#time Ntotal=2000 Nsur=1944 a-<a> PDF(a-<a>
-20 0
-19.9 0
-19.8 0
-19.7 0
-19.6 0
-19.5 0
-19.4 0
-19.3 0
-19.2 0
-19.1 0
-19 0
-18.9 0
-18.8 0
-18.7 0
-18.6 0
-18.5 0
-18.4 0
-18.3 0
-18.2 0
-18.1 0
-18 0
-17.9 0
-17.8 0
-17.7 0
-17.6 0
-17.5 0
-17.4 0
-17.3 0
-17.2 0
-17.1 0
-17 0
-16.9 0
-16.8 0
-16.7 0
-16.6 0
-16.5 0
-16.4 0
-16.3 0
-16.2 0
-16.1 0
-16 0
-15.9 0
-15.8 0
-15.7 0
-15.6 0
-15.5 0
-15.4 0
-15.3 0
-15.2 0
-15.1 0
-15 0
-14.9 0
-14.8 0
-14.7 0
-14.6 0
-14.5 0
-14.4 0
-14.3 0
-14.2 0
-14.1 0
-14 0
-13.9 0
-13.8 0
-13.7 0
-13.6 0
-13.5 0
-13.4 0
-13.3 0
-13.2 0
-13.1 0
-13 0
-12.9 0
-12.8 0
-12.7 0
-12.6 0
-12.5 0
-12.4 0
-12.3 0
-12.2 0
-12.1 0
-12 0
-11.9 0
-11.8 0
-11.7 0
-11.6 0
-11.5 0
-11.4 0
-11.3 0
-11.2 0
-11.1 0
-11 0
-10.9 0
-10.8 0
-10.7 0
-10.6 0
-10.5 0
-10.4 0
-10.3 0
-10.2 0
-10.1 0
-10 0
-9.9 0
-9.8 0
-9.7 0
-9.6 0
-9.5 0
-9.4 0
-9.3 9.73144e-09
-9.2 2.29088e-08
-9.1 0
-9 0
-8.9 0
-8.8 7.84642e-09
-8.7 0
-8.6 8.2977e-08
-8.5 6.41857e-09
-8.4 8.11323e-08
-8.3 1.23978e-07
-8.2 6.29516e-08
-8.1 3.46567e-07
-8 1.01841e-07
-7.9 1.52321e-07
-7.8 5.62728e-07
-7.7 2.05922e-07
-7.6 4.42351e-07
-7.5 7.97404e-07
-7.4 6.37984e-07
-7.3 5.8295e-07
-7.2 1.00198e-06
-7.1 1.28782e-06
-7 2.59582e-06
-6.9 3.94494e-06
-6.8 3.33202e-06
-6.7 4.86177e-06
-6.6 3.70688e-06
-6.5 6.08405e-06
-6.4 1.00197e-05
-6.3 1.84615e-05
-6.2 2.25236e-05
-6.1 2.70117e-05
-6 4.48583e-05
-5.9 3.56051e-05
-5.8 4.32523e-05
-5.7 4.55421e-05
-5.6 6.97237e-05
-5.5 8.87087e-05
-5.4 0.000104581
-5.3 0.000134474
-5.2 0.000155628
-5.1 0.000148838
-5 0.000202863
-4.9 0.000232402
-4.8 0.000287724
-4.7 0.000356727
-4.6 0.000375085
-4.5 0.000544679
-4.4 0.0005272
-4.3 0.000634178
-4.2 0.000789385
-4.1 0.000921294
-4 0.000951388
-3.9 0.00117491
-3.8 0.00142035
-3.7 0.00145941
-3.6 0.00173877
-3.5 0.00199182
-3.4 0.00236876
-3.3 0.00269343
-3.2 0.00304994
-3.1 0.00346506
-3 0.00391202
-2.9 0.00451672
-2.8 0.00490141
-2.7 0.00546998
-2.6 0.00619457
-2.5 0.00670866
-2.4 0.00772964
-2.3 0.00859047
-2.2 0.0093814
-2.1 0.0100699
-2 0.0111306
-1.9 0.012155
-1.8 0.0136226
-1.7 0.0145756
-1.6 0.0156236
-1.5 0.0166699
-1.4 0.0178586
-1.3 0.0191398
-1.2 0.020277
-1.1 0.0213424
-1 0.02229
-0.9 0.0235085
-0.8 0.0246009
-0.7 0.0248748
-0.6 0.0261612
-0.5 0.0266324
-0.4 0.0274752
-0.3 0.0271966
-0.2 0.0275442
-0.1 0.0275538
0 0.0270757
0.1 0.0270921
0.2 0.0261622
0.3 0.0256309
0.4 0.0250955
0.5 0.0241315
0.6 0.0229902
0.7 0.0219138
0.8 0.0213813
0.9 0.0203155
1 0.019341
1.1 0.0184155
1.2 0.0169496
1.3 0.015754
1.4 0.014738
1.5 0.0138861
1.6 0.0128757
1.7 0.0119135
1.8 0.0107961
1.9 0.010147
2 0.00948366
2.1 0.00862833
2.2 0.00770799
2.3 0.00716883
2.4 0.00660857
2.5 0.00591537
2.6 0.00539308
2.7 0.00475434
2.8 0.00429333
2.9 0.00402558
3 0.00352348
3.1 0.00330539
3.2 0.00292051
3.3 0.00255893
3.4 0.00241628
3.5 0.00213541
3.6 0.00184737
3.7 0.00167485
3.8 0.00151903
3.9 0.00136374
4 0.00126904
4.1 0.00104406
4.2 0.00103547
4.3 0.000882594
4.4 0.000825694
4.5 0.000729826
4.6 0.000657036
4.7 0.000586001
4.8 0.000528259
4.9 0.000427211
5 0.000383293
5.1 0.000396913
5.2 0.000356102
5.3 0.000293677
5.4 0.000284581
5.5 0.000231484
5.6 0.000202352
5.7 0.000196124
5.8 0.000158761
5.9 0.000164332
6 0.000145105
6.1 0.000143579
6.2 0.000117312
6.3 8.71995e-05
6.4 9.15258e-05
6.5 7.74913e-05
6.6 9.10386e-05
6.7 9.05494e-05
6.8 7.24327e-05
6.9 6.06938e-05
7 6.44409e-05
7.1 4.74275e-05
7.2 4.41876e-05
7.3 4.72002e-05
7.4 4.30378e-05
7.5 4.10903e-05
7.6 4.02112e-05
7.7 3.97613e-05
7.8 2.44317e-05
7.9 2.46997e-05
8 1.68388e-05
8.1 2.06211e-05
8.2 2.03306e-05
8.3 1.74073e-05
8.4 1.39706e-05
8.5 2.24151e-05
8.6 1.54334e-05
8.7 1.12327e-05
8.8 1.20019e-05
8.9 9.30486e-06
9 8.2128e-06
9.1 4.16877e-06
9.2 4.18488e-06
9.3 5.72914e-06
9.4 6.45279e-06
9.5 2.59416e-06
9.6 6.01191e-06
9.7 1.64587e-06
9.8 2.75523e-06
9.9 1.66733e-06
10 5.4123e-06
10.1 6.16045e-06
10.2 4.99525e-06
10.3 1.04327e-06
10.4 4.80458e-07
10.5 1.27666e-06
10.6 1.10304e-06
10.7 5.32231e-07
10.8 3.66966e-07
10.9 3.26656e-06
11 3.08358e-07
11.1 2.44255e-07
11.2 5.0966e-07
11.3 5.32107e-07
11.4 3.23598e-07
11.5 2.59717e-07
11.6 2.20053e-07
11.7 3.73022e-07
11.8 1.58282e-07
11.9 9.81771e-08
12 1.09679e-07
12.1 4.47444e-07
12.2 0
12.3 7.81688e-08
12.4 7.46044e-08
12.5 2.29552e-08
12.6 0
12.7 0
12.8 0
12.9 5.7388e-08
13 0
13.1 1.31992e-07
13.2 0
13.3 0
13.4 5.7388e-09
13.5 5.7388e-09
13.6 0
13.7 0
13.8 0
13.9 0
14 0
14.1 1.14776e-08
14.2 0
14.3 0
14.4 0
14.5 0
14.6 0
14.7 0
14.8 0
14.9 0
15 0
15.1 0
15.2 0
15.3 0
15.4 0
15.5 0
15.6 0
15.7 0
15.8 0
15.9 0
16 0
16.1 0
16.2 0
16.3 0
16.4 0
16.5 0
16.6 0
16.7 0
16.8 0
16.9 0
17 0
17.1 0
17.2 0
17.3 0
17.4 0
17.5 0
17.6 0
17.7 0
17.8 0
17.9 0
18 0
18.1 0
18.2 0
18.3 0
18.4 0
18.5 0
18.6 0
18.7 0
18.8 0
18.9 0
19 0
19.1 0
19.2 0
19.3 0
19.4 0
19.5 0
19.6 0
19.7 0
19.8 0
19.9 0
