#d survival averaged n, sdt_n, t14, std_t14, t15, std_t15,  chi, min_chi, max_min
0.005 10.877 0.0978731 0.00360531 0.000318986 0.104699 0.00308637 0.0332914 0.0295936 0.0371804
0.006 9.52257 0.0927999 0.00345232 0.000367612 0.101188 0.00331487 0.0330032 0.0286837 0.0375707
0.007 8.45774 0.0863565 0.00329296 0.000405392 0.103003 0.00390526 0.0309979 0.02632 0.0359914
0.0075 8.01661 0.0827031 0.0032405 0.000423431 0.105353 0.00417576 0.0298682 0.0251025 0.0349708
0.008 7.64783 0.0817932 0.00308513 0.000439299 0.102931 0.00422597 0.0291224 0.0241236 0.0344849
0.009 7.02976 0.0778238 0.00332131 0.000600954 0.105247 0.00459113 0.0305951 0.0241888 0.0374766
0.01 6.58096 0.0753945 0.00360355 0.000687332 0.101293 0.00485446 0.0343271 0.0267277 0.0425408
0.025 3.33819 0.0475531 0.00298136 0.00138038 0.097446 0.00894392 0.0295675 0.014795 0.0466492

