0 0.0186942 0.0186942
0.025 0.00663966 0.0253339
0.05 0.00480248 0.0301363
0.075 0.00525371 0.0353901
0.1 0.00420082 0.0395909
0.125 0.00430826 0.0438991
0.15 0.00526446 0.0491636
0.175 0.00478099 0.0539446
0.2 0.00438347 0.0583281
0.225 0.00562975 0.0639578
0.25 0.0064033 0.0703611
0.275 0.00661818 0.0769793
0.3 0.00631735 0.0832966
0.325 0.00611322 0.0894098
0.35 0.0075314 0.0969412
0.375 0.0073595 0.104301
0.4 0.00814379 0.112445
0.425 0.00899255 0.121437
0.45 0.00838016 0.129817
0.475 0.00797189 0.137789
0.5 0.00775702 0.145546
0.525 0.00857355 0.15412
0.55 0.0105504 0.16467
0.575 0.0109694 0.17564
0.6 0.0111091 0.186749
0.625 0.0108405 0.197589
0.65 0.0118826 0.209472
0.675 0.0142892 0.223761
0.7 0.0125165 0.236277
0.725 0.0135264 0.249804
0.75 0.0132686 0.263073
0.775 0.0143967 0.277469
0.8 0.0149661 0.292435
0.825 0.0160297 0.308465
0.85 0.0205744 0.329039
0.875 0.0241306 0.35317
0.9 0.0272033 0.380373
0.925 0.0325537 0.412927
0.95 0.0499479 0.462875
0.975 0.537125 1
