0 0.308908 0.308908
0.025 0.0631068 0.372015
0.05 0.0314222 0.403437
0.075 0.027355 0.430792
0.1 0.024567 0.455359
0.125 0.0213199 0.476679
0.15 0.0182039 0.494883
0.175 0.0147927 0.509676
0.2 0.0147599 0.524436
0.225 0.0187615 0.543197
0.25 0.0166623 0.55986
0.275 0.0161703 0.57603
0.3 0.0164327 0.592463
0.325 0.0132511 0.605714
0.35 0.0158423 0.621556
0.375 0.0133167 0.634873
0.4 0.0127263 0.647599
0.425 0.0114799 0.659079
0.45 0.0119391 0.671018
0.475 0.0120375 0.683056
0.5 0.0104631 0.693519
0.525 0.0117751 0.705294
0.55 0.0118407 0.717135
0.575 0.0115127 0.728647
0.6 0.0114799 0.740127
0.625 0.0109551 0.751082
0.65 0.0117751 0.762858
0.675 0.0118079 0.774665
0.7 0.0121359 0.786801
0.725 0.0115455 0.798347
0.75 0.0134151 0.811762
0.775 0.0133167 0.825079
0.8 0.0140711 0.83915
0.825 0.0124967 0.851647
0.85 0.0148255 0.866472
0.875 0.0190239 0.885496
0.9 0.0196799 0.905176
0.925 0.0184335 0.923609
0.95 0.024075 0.947684
0.975 0.0523157 1
